frequency_hz,s11_real,s11_imag,swr,return_loss_db,resistance_ohm,reactance_ohm
144000000,0.6996914658104486,-0.37142777253678655,8.623057722077032,2.0236776511619943,81.63124590660452,-162.8042326378655
144004000,0.699819057240059,-0.3717782937844504,8.635904443119617,2.0206399925782,81.46935094791493,-162.82662893577796
144008000,0.6994407944923643,-0.37121783357668886,8.608271302270067,2.027185335941944,81.74417489986415,-162.71598505883563
144012000,0.6993881552361249,-0.37145320464248566,8.611220861650203,2.026484656490389,81.6481164741025,-162.6719492302889
144016000,0.6997264993175936,-0.3717066257490646,8.630551675150707,2.021904562022284,81.50856774469192,-162.7936060370972
144020000,0.6998020198757361,-0.3714022852096074,8.627027477108836,2.0227380076929564,81.63201556836982,-162.8539651352827
144024000,0.6994286070885708,-0.3714859016790845,8.613579910960986,2.0259246051317272,81.63041684048072,-162.6862876560877
144028000,0.6994365769575464,-0.3716068317643876,8.616527663500095,2.025225229260958,81.5779064111375,-162.67864012424295
144032000,0.6992527109859032,-0.3716988505454671,8.611020065384889,2.0265323409996268,81.5553333298242,-162.59154435646275
144036000,0.699302355385438,-0.37144757307722315,8.607600351129907,2.0273447909868643,81.65835646621451,-162.63571684240256
144040000,0.6994554189447172,-0.37169334021694117,8.61917467438418,2.024597619767302,81.53915241993332,-162.67878382833663
144044000,0.6994377409675091,-0.3717050095983211,8.618705832200188,2.0247087543410704,81.53577789900186,-162.6701494188125
144048000,0.698615268354618,-0.3717874182127288,8.587008107432991,2.032250929836347,81.57536016947391,-162.31102083624137
144052000,0.6999764978089913,-0.3718158236354757,8.64318230733307,2.0189231737492705,81.4387299996276,-162.89057122364673
144056000,0.6995229460659084,-0.3719334115127261,8.627152947973794,2.022708322951559,81.43025170016368,-162.68564022043591
144060000,0.6994686579843508,-0.37170531149615454,8.619975507278738,2.02440781830032,81.53281594393206,-162.68335273949484
144064000,0.6991982973261817,-0.3720292593960096,8.615969172129843,2.0253576981807875,81.4190548527947,-162.53808809196047
144068000,0.6997781058372127,-0.3720660766694403,8.640497956614167,2.0195560600516584,81.34999647218949,-162.78252455316743
144072000,0.7002798552836325,-0.3722687330096039,8.665571202648827,2.0136600492849803,81.2166903577297,-162.97827133178342
144076000,0.6995863729512901,-0.37199410266634025,8.631070149879603,2.0217820049584057,81.39846386102046,-162.70717855215798
144080000,0.6993371500229487,-0.3722716284555,8.626913135798041,2.022765060091777,81.30281450012718,-162.57516543358676
144084000,0.699855769021599,-0.3726926820965294,8.657391659180377,2.0155796769066963,81.07513719344209,-162.7575658461011
144088000,0.6995703268204191,-0.37225726941620874,8.636147699395861,2.020582562026521,81.28747388205144,-162.67606331506002
144092000,0.6991250794181553,-0.37207262833230464,8.613923187296503,2.025843135346196,81.40722463488734,-162.50284788511013
144096000,0.6991686989524022,-0.3721802760014485,8.618041818294822,2.024866173484903,81.35726784835715,-162.51162705593114
144100000,0.6997088401328855,-0.37241133332683446,8.64519354561913,2.0184492474420974,81.20887144653685,-162.7209764727582
144104000,0.6993150738964752,-0.3724802342201303,8.630554835414024,2.0219038149539856,81.2158218062631,-162.54655886193697
144108000,0.699552432777779,-0.37222923486576986,8.634803062019062,2.0209000594879494,81.30109981390773,-162.67100570202334
144112000,0.6993231830135286,-0.37231122824486335,8.627204138187773,2.0226962122777046,81.28719327845671,-162.56556349178814
144116000,0.6993773889104342,-0.37232966961422564,8.629823789706737,2.022076644781558,81.2743363482105,-162.5870060279455
144120000,0.6994810687322283,-0.37228465442272995,8.63308770977754,2.0213052361224784,81.28400852362768,-162.63541713749908
144124000,0.6994947563723029,-0.3721860902152686,8.63150022476779,2.0216803551740887,81.32484585031693,-162.65034291949823
144128000,0.699309937318267,-0.3722962034855396,8.626335190370812,2.0229018092851483,81.294824000468,-162.5612901095911
144132000,0.6993100187554852,-0.3724652105795008,8.630020435773623,2.022030151876011,81.22269586013654,-162.54578501107653
144136000,0.6993733761668877,-0.3723329893281796,8.629731890487534,2.022098373192362,81.2732885045646,-162.5849876655586
144140000,0.6993855758941008,-0.3723160404725148,8.629861909363152,2.022067632007428,81.27940107659829,-162.5917550357595
144144000,0.699334764328087,-0.37233209532944594,8.62813240997104,2.022476625321969,81.27722162893103,-162.56858857957425
144148000,0.699131913312206,-0.3726385724556414,8.626513169731034,2.0228596951397275,81.16515349645438,-162.4539049419453
144152000,0.6995442362857788,-0.3723484176527112,8.637066601106238,2.0203656474390224,81.25095579939862,-162.65650924172584
144156000,0.6992778653975883,-0.37263204707756103,8.632342529668117,2.021481303050863,81.15450930444877,-162.5167144752564
144160000,0.6991652255608979,-0.3724366179730997,8.623475928758968,2.0235786200577337,81.2481969835838,-162.4866496593406
144164000,0.6989827573075476,-0.3726042084106717,8.619670259526925,2.0244801593529878,81.19347988042313,-162.39349707096403
144168000,0.6995867593441688,-0.37269853763574284,8.646460417343638,2.018150837688217,81.09762408563834,-162.6422746133688
144172000,0.6991055486824563,-0.37278191470880423,8.628560151153593,2.022375457297766,81.10650726629166,-162.4294984354281
144176000,0.6992378685733855,-0.372686856853939,8.631900940743593,2.0215856537164694,81.13483083170782,-162.49461890340064
144180000,0.6989994426902792,-0.37273516737329665,8.623203506695992,2.02364312834173,81.13616189179601,-162.38860050061368
144184000,0.6995066858874054,-0.37288512708266197,8.647255456084116,2.017963612752551,81.02550970419642,-162.5908515848475
144188000,0.6993560045235014,-0.37281598372007974,8.63956036586296,2.01977720868237,81.06891189797426,-162.5330492528779
144192000,0.6990905429436016,-0.37275648021904034,8.62739178164554,2.0226518204931265,81.11871982432096,-162.42544508456527
144196000,0.6989360634214536,-0.37287819016318335,8.623730746773546,2.0235182840702928,81.08108321027474,-162.3484952317595
144200000,0.6994184960290597,-0.37307853879011493,8.64786916637456,2.017819113003749,80.95131412334094,-162.53536654904957
144204000,0.6992095725387681,-0.3728479762626482,8.634259241351607,2.0210284955717475,81.0687956435026,-162.4677208624304
144208000,0.6993245463946717,-0.37289027238950107,8.639894462281754,2.019698400101584,81.0401720958559,-162.51278539993487
144212000,0.699133306362911,-0.3728408721420536,8.630982067678397,2.021802824778014,81.07884533023415,-162.4358961821398
144216000,0.6991679677968827,-0.37305253601812105,8.63702438696071,2.020375611422959,80.98555003677728,-162.4311455967418
144220000,0.6992683288422797,-0.3728607972436565,8.63694610263818,2.02039408946516,81.0579166307742,-162.49156296682477
144224000,0.6989957736687772,-0.3729886495352857,8.628580633388749,2.0223706131578036,81.0285932261615,-162.36376024885342
144228000,0.6991152088773006,-0.3729813414098253,8.63330808385232,2.0212531732890024,81.02071163641926,-162.4152573357997
144232000,0.6990785419280934,-0.37328765506578493,8.63850237996279,2.020026813231777,80.89380808010178,-162.37141410226883
144236000,0.6993769903777622,-0.3732276416542996,8.649431656585081,2.0174513142711388,80.89171243382894,-162.50387887859472
144240000,0.6991493524785235,-0.37331864492164957,8.642083193655413,2.019182262346267,80.87409347929226,-162.39865074430634
144244000,0.6992340916702282,-0.37318593193974126,8.64265292443343,2.019047954207685,80.9226897381826,-162.44695502001792
144248000,0.6990838314896425,-0.3734504115265036,8.642282186317257,2.0191353498446003,80.82415793927318,-162.35862586542353
144252000,0.6997826327580956,-0.37334569572757925,8.66871896041943,2.012922291663966,80.80370711964547,-162.66547630797476
144256000,0.6985358979457156,-0.3732538294536119,8.615583711424273,2.025449136002198,80.95802673642427,-162.143965546707
144260000,0.6984870534319301,-0.3731901835569834,8.612206692345728,2.0262505770007975,80.98951946404152,-162.12903415671605
144264000,0.6987006829357265,-0.3735230353650396,8.628185076731773,2.0224641681934146,80.8286381358497,-162.18924923335453
144268000,0.699104465647438,-0.37344072233283143,8.642916070160576,2.0189859263830696,80.82636618249843,-162.36828769325248
144272000,0.6991002859578085,-0.37347309812622426,8.643453938423148,2.0188591537964777,80.81299909598427,-162.36351770247896
144276000,0.6990439726254427,-0.3732607961165187,8.636498673356552,2.0204997061068926,80.90841501925496,-162.3591979024428
144280000,0.6986393975193922,-0.3734119413350141,8.623254938493472,2.0236309492137017,80.88141727667833,-162.1734351062276
144284000,0.699364967862686,-0.37357677669959577,8.656598738070507,2.0157659601941194,80.74440490410356,-162.46634002810728
144288000,0.6987470572256431,-0.3734512185945886,8.628511546816407,2.0223869525335716,80.85485943708565,-162.21553311897785
144292000,0.6987119765284542,-0.37351962796229304,8.6285722764005,2.02237258961998,80.8290463137709,-162.19435523097195
144296000,0.6987557111364021,-0.3738315901892577,8.637187284257752,2.020337162627093,80.69269772650966,-162.18418347956586
144300000,0.6989525181530926,-0.3736698376463078,8.641706157277381,2.0192711546428885,80.74313263045477,-162.28259025344042
144304000,0.6987714826112992,-0.3737510729942867,8.63606956378415,2.020601008762579,80.72538248288808,-162.1982951485345
144308000,0.6987424710668924,-0.3735719997449335,8.630964035440226,2.021807087076404,80.8040174952724,-162.20248026143202
144312000,0.6988042610374844,-0.3736409170466611,8.634999891042725,2.0208535777106356,80.76908614109495,-162.2223522663889
144316000,0.6990421757598752,-0.37380359231135835,8.648317166222506,2.0177136433521854,80.67808651325657,-162.30825132512763
144320000,0.6989735239039963,-0.3737039424581913,8.643314871469611,2.0188919295785044,80.7267190463591,-162.28835059899657
144324000,0.6988730258771768,-0.37364172192538975,8.637833107858945,2.02018474276594,80.76240373348742,-162.25145500965655
144328000,0.6986521325320486,-0.373661132193611,8.62921898090131,2.022219652807567,80.77451296491346,-162.15595944688243
144332000,0.6987633946352753,-0.37400082177145544,8.641211384632085,2.019387817057483,80.62026947958952,-162.17181861489698
144336000,0.6990667325351682,-0.37369970807600617,8.647045494055206,2.0180130536533465,80.7198890646151,-162.32829555437357
144340000,0.6988154999259844,-0.3739824064161385,8.642942943789098,2.0189795920373004,80.6232566475489,-162.19559719360785
144344000,0.6987364901836697,-0.3736807460344812,8.63309805175744,2.021302792794898,80.75843296744108,-162.1899340260706
144348000,0.6985475808409032,-0.37406768825772574,8.633841035926618,2.0211272758067316,80.61185555344993,-162.0742503981881
144352000,0.6993386128857176,-0.3738314990808879,8.661114331296844,2.0147055607384114,80.638699713201,-162.43143630944817
144356000,0.6986638267919109,-0.3738175790445227,8.633119793402765,2.0212976562773193,80.70710431844252,-162.14652485979215
144360000,0.6985622878478212,-0.37378518827516366,8.628259221498922,2.0224466311905016,80.73017262505306,-162.10646584005033
144364000,0.6983794667903197,-0.37403562107092186,8.626267171045091,2.022917904738993,80.64088669191577,-162.0060301302404
144368000,0.6990009898154627,-0.37400957124247175,8.651149601627287,2.017047078030176,80.59456630949582,-162.27168894032536
144372000,0.698624752674163,-0.3741685038030047,8.639209675450292,2.0198599381957414,80.56206329922857,-162.09762517519613
144376000,0.6985385056392408,-0.37395869951030597,8.631083236998748,2.021778911618108,80.65884322835664,-162.08043815614204
144380000,0.6974987188623792,-0.37440162214685485,8.598397415803387,2.029534462638402,80.5665491455049,-161.6003992259276
144384000,0.698990456513832,-0.37423564210466614,8.655687579275636,2.0159800641216243,80.49976968695628,-162.24623491232703
144388000,0.6987025848047553,-0.37423836914981523,8.643931904909001,2.018746513147391,80.52530237021766,-162.12411334548918
144392000,0.6976954534764452,-0.37353164029340397,8.58746265371622,2.032142375927493,80.91655097386061,-161.76228438896774
144396000,0.6983922102020368,-0.3742804616728735,8.63214838146733,2.0215271803458195,80.53612349779722,-161.9889214415533
144400000,0.6986788701579968,-0.3743996307893665,8.646501896532234,2.0181410688253765,80.45926883802522,-162.09916016051875
144404000,0.6982010926406046,-0.37412760624039254,8.620997587880423,2.024165631922106,80.61831734948585,-161.9221183690934
144408000,0.6982202960743672,-0.3742056693813345,8.623488139962927,2.0235757285978804,80.58354146470228,-161.9230879622903
144412000,0.6984948424439131,-0.3744941001612255,8.64103486604547,2.019429441642533,80.43634174511693,-162.01261970476534
144416000,0.6987069616674065,-0.37433274689386126,8.646184252653287,2.0182158803163137,80.48496135065467,-162.11723404246314
144420000,0.6985767491203297,-0.3744044130172026,8.64242077152552,2.0191026796880243,80.46669106489362,-162.05553069941612
144424000,0.6985236322812749,-0.3744088791356434,8.640342896700977,2.0195926305272187,80.46970869740746,-162.03265869292264
144428000,0.6987796378126959,-0.3745106532009648,8.65307882542044,2.016593321360398,80.40297746282931,-162.13148378922344
144432000,0.6992227285351178,-0.3742941932262043,8.666533751619363,2.0134343936404338,80.45333718730731,-162.33915002414062
144436000,0.6985633489279831,-0.3742737486139242,8.63900383745915,2.0199084995140177,80.52319386209672,-162.0619286808547
144440000,0.6982598771894384,-0.374613605995737,8.634041671247827,2.021079884478936,80.40752037329669,-161.90233834654376
144444000,0.6988760342643443,-0.374703486997421,8.661288807811912,2.0146646108004003,80.3124983658264,-162.1543055124528
144448000,0.6986899605142085,-0.37480676935664786,8.65591691598441,2.0159261703213387,80.28617421227464,-162.06609023607652
144452000,0.6984837513660432,-0.37429984027969226,8.636317739600637,2.020542419057824,80.51949779596279,-162.02585233714214
144456000,0.6984634044257282,-0.374806964201982,8.646623418380024,2.0181124494714093,80.30709981082501,-161.97041822086283
144460000,0.6989402608183423,-0.3746202968022296,8.662096354157246,2.0144751000625676,80.34168108110781,-162.1892033289886
144464000,0.6982886793008056,-0.37482528094417245,8.639867917151687,2.0197046614932983,80.31551616774541,-161.89498572928576
144468000,0.6985394953315374,-0.37439948886950897,8.640786470471207,2.0194880183524964,80.47221444197851,-162.04023294020593
144472000,0.6980359041346148,-0.3747253079344671,8.627339109617235,2.0226642811900413,80.38096181443184,-161.79753399054871
144476000,0.6986058196011856,-0.37470243375401546,8.650164569473866,2.0172788383546334,80.33804859488289,-162.04023566290425
144480000,0.6983942259251811,-0.3751587619399211,8.651532885119405,2.0169569127835887,80.16511688923889,-161.90865128403723
144484000,0.6986018937550936,-0.374698931521499,8.64992640650739,2.0173348818425,80.33989181281642,-162.03890198701424
144488000,0.6981116123939053,-0.37477082282779883,8.631429775841521,2.0216970053341705,80.35480363993061,-161.8252938017503
144492000,0.6984602883504079,-0.37491103370987133,8.648785991331932,2.0176032828052683,80.2634675457995,-161.95946797541492
144496000,0.6985326600150612,-0.375006187737132,8.653851848524814,2.016411562572897,80.21661177903184,-161.9811790084474
144500000,0.6987092193080437,-0.37467859369539075,8.653884285623255,2.0164039364470057,80.33852830832218,-162.08612948173362
144504000,0.6980561445728983,-0.3747217010828002,8.628086556352605,2.022487471081661,80.3806253886787,-161.80640491848135
144508000,0.6981072702306508,-0.3746780918306809,8.629218666180792,2.0222197272290345,80.39433212727042,-161.8319844413226
144512000,0.6982790397015828,-0.37511494045743277,8.645844196184601,2.0182959765958706,80.19425382094656,-161.86415992326556
144516000,0.6985391561740564,-0.37502333593495063,8.6544965658619,2.016259997135034,80.2087749339622,-161.98232753548496
144520000,0.6981757272481327,-0.37505904816452906,8.640382828085153,2.0195832126873587,80.22735624047665,-161.8257797201436
144524000,0.6981444710586738,-0.3748543051067455,8.63460517616238,2.020946793004899,80.31656411600785,-161.8314736752761
144528000,0.6984899267257371,-0.3752048335410076,8.656477558722678,2.0157944322614663,80.13681581967425,-161.94471311332344
144532000,0.6984379533691563,-0.3751972696173398,8.654176527170737,2.0163352315937844,80.14483015589886,-161.92350952267128
144536000,0.6983702558840239,-0.3749407557290484,8.645748789379141,2.0183184496877766,80.25926180675647,-161.91873319945046
144540000,0.6979211709166313,-0.3750289828356216,8.629314207447061,2.022197134988147,80.26346243249925,-161.7212764129985
144544000,0.698330819603752,-0.37526868335637126,8.651354488165602,2.0169988786380086,80.12467603785136,-161.871742366116
144548000,0.6981992931174089,-0.37525837878703633,8.645734679038705,2.0183217734239314,80.14119471576575,-161.81729409084872
144552000,0.6985789131991713,-0.37520230917103053,8.66007821244436,2.014948774067594,80.12960637254238,-161.98245889398376
144556000,0.6978265605862417,-0.37528223942242767,8.631010511309464,2.0217961015648416,80.16551197825255,-161.65816865154065
144560000,0.6983576717148425,-0.37538883127743794,8.65510666797713,2.0161165904029072,80.07158054356589,-161.8719059763368
144564000,0.6981761325404028,-0.37536656923676076,8.64716891809237,2.0179839900292924,80.09777972023612,-161.79753327639645
144568000,0.6986066959108465,-0.37510228687434727,8.6590124254464,2.0151990130974258,80.16919776445974,-162.00347884173578
144572000,0.6979305618235869,-0.37525983925798584,8.634768111163135,2.020908313464282,80.1653745839992,-161.70400368282327
144576000,0.6981335171035552,-0.3752856734670411,8.643641069717809,2.0188150517307926,80.13578028490915,-161.78707048816315
144580000,0.6978219071243232,-0.3755017440751907,8.63564554006695,2.020701120791418,80.07360124291701,-161.63601954080553
144584000,0.6986263310210643,-0.3754332486923379,8.667131931426372,2.0132941846545616,80.02786853208835,-161.98092311426902
144588000,0.6979176904395928,-0.3754439885147039,8.638291669917141,2.020076532245381,80.089067877975,-161.68162438025934
144592000,0.6981573972053671,-0.3754880706148754,8.649079160566439,2.0175342774825324,80.04837579834007,-161.7784012694223
144596000,0.6981103297940464,-0.3755904132937551,8.649406519795559,2.0174572302210354,80.0096807384397,-161.74912406716965
144600000,0.6985313567121922,-0.37543139825322147,8.663183531603309,2.0142200235194427,80.03750227512481,-161.9410920222926
144604000,0.6978269748055483,-0.37535353837260155,8.632593996357532,2.02142188448394,80.13547204881364,-161.65178830862723
144608000,0.6979843402502498,-0.3753727876882205,8.639451625545085,2.0198028603052807,80.11287988214221,-161.71623178735751
144612000,0.6997547070016005,-0.3767738336245585,8.743844298362564,1.9954744659341972,79.35710686802355,-162.3285167088589
144616000,0.6981559672125441,-0.3800599408522152,8.751379782656148,1.9937411032074053,78.14143084467696,-161.34632239637267
144620000,0.697838515592197,-0.37550297956920403,8.636351726076494,2.020534395747281,80.07155234066319,-161.642889585465
144624000,0.6972785932280136,-0.37525349229317434,8.60805314585159,2.027237179190428,80.22771810006462,-161.43029504097336
144628000,0.7003199929287571,-0.3767712271264734,8.767472511354129,1.9900494535064635,79.30357958952862,-162.5662947285323
144632000,0.6981606941088684,-0.37578070453099416,8.65567342683732,2.015983390019316,79.92500372215717,-161.7526560722811
144636000,0.6978864992405672,-0.3755115391231223,8.63850239836856,2.0200268088888693,80.06353170939154,-161.66227875686127
144640000,0.6979587785229766,-0.37577309486878196,8.647224745891377,2.0179708440967117,79.94691304104609,-161.6685081701438
144644000,0.6980782856069141,-0.3758069251235185,8.652870978041513,2.016642197555398,79.9216299820621,-161.7155903103616
144648000,0.6980952219799934,-0.3759029081680712,8.655686438712937,2.015980332159469,79.87973269072916,-161.7138011220924
144652000,0.6979812388592634,-0.3757038114037157,8.646616843179919,2.018113997962048,79.97395060416581,-161.68435510676264
144656000,0.6975440138565898,-0.37548341987012956,8.623896894755749,2.0234789453815827,80.10682673053971,-161.5208773750958
144660000,0.6980195915549202,-0.3757903695510559,8.650098403913484,2.0172944078367583,79.93402573420212,-161.6924614392407
144664000,0.6978153639293957,-0.37573990243918665,8.640620901066692,2.0195270648692127,79.97410662859879,-161.61132074510795
144668000,0.6981692620453221,-0.3756296402548101,8.652689025421443,2.0166849864413643,79.98772203604628,-161.77027428291314
144672000,0.6974648897380052,-0.3755850306047991,8.622901374824925,2.023714676602819,80.07137818125618,-161.47832399587944
144676000,0.6977253115374157,-0.37593903076781277,8.641324822634642,2.0193610683207828,79.89879837761013,-161.55513585460855
144680000,0.6976542460736147,-0.3758966204973447,8.637483645861087,2.0202672159005313,79.92315043743763,-161.5292179221139
144684000,0.6978638628548586,-0.3757615330318021,8.643082482930996,2.0189467021012337,79.96054315252721,-161.62969908223897
144688000,0.6974032188789947,-0.3757532875606412,8.62408200448961,2.0234351189476714,80.0063725910789,-161.43701768392836
144692000,0.6973795898204148,-0.3757842013844518,8.623797763405458,2.0235024164256528,79.99556168208078,-161.42426844651544
144696000,0.697481585216809,-0.37580857618405294,8.628493555913707,2.0223912075301165,79.97598035500508,-161.4648422323247
144700000,0.6980485187358682,-0.3758492892092624,8.65258553388736,2.0167093248406314,79.90659009377018,-161.69915559259218
144704000,0.6973546703312969,-0.375668858724405,8.620249651358376,2.0243428529728273,80.04625987972572,-161.42436456519363
144708000,0.6974817574714629,-0.375860895878437,8.62965115773996,2.022117461818894,79.95400652246617,-161.46011197959007
144712000,0.697444357559616,-0.37607088550796614,8.632745563649259,2.0213860726429638,79.86935889702741,-161.42513293362384
144716000,0.6978765584282876,-0.37628660981575945,8.655197532887493,2.0160952340267673,79.73899574141511,-161.58642511971578
144720000,0.6975748209336944,-0.3759228370086762,8.634814796963214,2.0208972881847034,79.91946018647238,-161.49347156450398
144724000,0.6973255481331666,-0.37600007753660836,8.626338898986592,2.0229009317205677,79.90995459171188,-161.381816991781
144728000,0.6977126720454336,-0.37613123859730824,8.645047403623773,2.018483676674887,79.8193230404373,-161.5320863744667
144732000,0.6977701698842126,-0.37631205727201594,8.651397260500776,2.016988816772752,79.73819041576596,-161.53946592036
144736000,0.697569388627322,-0.375883994000894,8.633737696108257,2.021151686194437,79.93626044428353,-161.49476509556146
144740000,0.697406712349968,-0.37612103498607863,8.63231266603374,2.0214883597030924,79.85179477066904,-161.4047417351518
144744000,0.6975228106502572,-0.3763400155886424,8.641885281269598,2.0192289223449453,79.7493417073013,-161.43322868648372
144748000,0.6974562108129134,-0.3762690017292249,8.637595321373016,2.0202408597113672,79.78523174171895,-161.41187270069756
144752000,0.6977368649355787,-0.3762195126479155,8.6479873450568,2.017791289900001,79.78006967139244,-161.53407048060146
144756000,0.6973718070715974,-0.3762035481217182,8.63270469761915,2.021395728213982,79.82042194165739,-161.3825297653766
144760000,0.6979316016900203,-0.3763947263891032,8.659849912315078,2.015002372022293,79.68855982047765,-161.59945979960798
144764000,0.6974902301714636,-0.3762412085748528,8.638373053091629,2.020057328829864,79.79374384806857,-161.42868733968933
144768000,0.697768207770087,-0.3760572188269617,8.645687723547637,2.01833283402033,79.84524081572962,-161.56222275231426
144772000,0.6972766052614937,-0.3760941808644238,8.626412552469068,2.0228835033581527,79.87499249814093,-161.35267299230114
144776000,0.6976706809490859,-0.3762267215243093,8.645435997781618,2.018392131336393,79.78316635026131,-161.5056566074558
144780000,0.6973181014354328,-0.3763514558315925,8.633770608153624,2.0211439118201167,79.76340385941833,-161.34643725890763
144784000,0.69766009867737,-0.3763097828491338,8.64683703237966,2.0180621436653436,79.74932980182136,-161.49354388536818
144788000,0.6972690839480229,-0.37614229215818423,8.62716419926248,2.0227056610887435,79.85551997764246,-161.34510994376626
144792000,0.6973669701122999,-0.3762160794699432,8.632783231162787,2.021377172879582,79.81561583743846,-161.37935129704857
144796000,0.6974702159867701,-0.3762342124861645,8.637400680095338,2.020286796839304,79.7985190270248,-161.42094487419962
144800000,0.6978688660801186,-0.37636806605770806,8.656684269965234,2.01574586427041,79.7055621030487,-161.57564078979559
144804000,0.6972509842338083,-0.3763400399787293,8.630779099217637,2.021850801680536,79.7743508640415,-161.31938288481447
144808000,0.697668371238111,-0.3766555416695455,8.654822757903505,2.0161833219542364,79.60375950428596,-161.4649927247371
144812000,0.6973686135458428,-0.37637565882054425,8.636367492677746,2.0205306736903106,79.7486224877903,-161.3653621393219
144816000,0.6977714050666803,-0.37663517202160957,8.658599026362186,2.0152960929993484,79.60272316646153,-161.51001180096418
144820000,0.6971382486663685,-0.3765552174732748,8.630919834333783,2.021817535013037,79.69465339385197,-161.25244669817693
144824000,0.6976052050850271,-0.3767818458684095,8.65502933992771,2.0161347655095536,79.55677117504919,-161.42685062357586
144828000,0.6972073428832148,-0.3765621008685184,8.633891889096162,2.0211152637562595,79.6854261505279,-161.28071594694146
144832000,0.697455676737383,-0.37653095602438363,8.643354707888362,2.0188825406838915,79.67558266463563,-161.38749716798065
144836000,0.6971913569315691,-0.3765891167739485,8.633834973328673,2.0211287078653384,79.67559531857424,-161.2715456643088
144840000,0.6977701687688784,-0.37673631892600407,8.660789986258079,2.014781689520208,79.56050182871724,-161.50009526965124
144844000,0.6972604145759266,-0.3765295949215959,8.635342317990762,2.0207727176556265,79.6941448785888,-161.3059083979132
144848000,0.6975113862636545,-0.37642086748263187,8.64320281716771,2.0189183397028,79.71653128431382,-161.4209825280853
144852000,0.6966803136566173,-0.37656196383063356,8.61241947677703,2.026200059762319,79.73371379114214,-161.06037372374337
144856000,0.6973666005515976,-0.37688534966966586,8.647543727857283,2.017895735794413,79.53558775988782,-161.31750618581214
144860000,0.6967251146199925,-0.3767087575503125,8.617467983482058,2.025002233493658,79.66829788378217,-161.06570555045212
144864000,0.6972677743059622,-0.37690464963240855,8.64392618586531,2.0187478608592926,79.53665119011106,-161.2744266634772
144868000,0.6965038520981057,-0.3768221345758446,8.610966052544214,2.0265451681956526,79.6411287821072,-160.96298820994258
144872000,0.6968717640910667,-0.3769376119333403,8.628481012873221,2.022394174073055,79.55931625216367,-161.10600559981606
144876000,0.6964169458362448,-0.3769386854800046,8.609997935090423,2.026775108457633,79.60040962780958,-160.91612286246328
144880000,0.6969432357034812,-0.37687025085109904,8.629909955728879,2.022056272338944,79.58088624269774,-161.14202636972516
144884000,0.6970398636758555,-0.3770086832510842,8.636909449648707,2.0204027410648657,79.51420543050622,-161.16965302465834
144888000,0.6968385816738981,-0.3768627345751601,8.625477824551016,2.023104707092424,79.59361851295148,-161.09901360781436
144892000,0.6969405133723722,-0.3770022459173067,8.63271130480443,2.0213941671031246,79.52602651676948,-161.12877192841873
144896000,0.6973365760436946,-0.3770231041380097,8.649363361423667,2.0174673876362794,79.4808094427675,-161.2922237655711
144900000,0.6968124871991874,-0.3766572605036422,8.619890573003879,2.0244279464605874,79.68183230234438,-161.106911168153
144904000,0.6972123751316476,-0.3769455082200992,8.642563692692747,2.019068988482313,79.52469353822104,-161.2475128534238
144908000,0.6973630130504368,-0.3771323119750168,8.652865539380658,2.016643476511576,79.43275622323634,-161.2931555120953
144912000,0.6973264335208826,-0.3771254821748629,8.651215428664464,2.017031592020716,79.43899489737386,-161.27851510372864
144916000,0.6973679280847698,-0.3770923307521278,8.652180985324316,2.0168044693421336,79.44899581796554,-161.29891071225373
144920000,0.6968701199612681,-0.3771157996374863,8.632345892834046,2.021480508351884,79.48510689169132,-161.08896826788003
144924000,0.6973620304019376,-0.37730090072543104,8.656563596095017,2.0157742170021624,79.36247865810974,-161.2771186067713
144928000,0.6972933873181422,-0.3772870405716822,8.653442232966057,2.0165078702484736,79.37462477517731,-161.24976218408162
144932000,0.697350919856433,-0.37713030436627193,8.65232549652107,2.016770481173954,79.43471448249525,-161.28829218707446
144936000,0.6971303491113282,-0.37723296297712167,8.645568246836612,2.018360977895175,79.41226543138332,-161.18674218767168
144940000,0.6975943499906591,-0.377314843007679,8.666410064543346,2.013463387436754,79.3350666833099,-161.37277983891306
144944000,0.6973362228782309,-0.377071586023942,8.65042253408342,2.017218138757703,79.46059383418557,-161.28759083389713
144948000,0.6977149426657432,-0.377127695213122,8.667207493978184,2.013276474738646,79.4019888399021,-161.44057611562258
144952000,0.6970814834029427,-0.37698176943898504,8.638014973254014,2.0201418251549557,79.52161162618049,-161.18950693389493
144956000,0.6975274659530232,-0.37732391762790685,8.663863961167818,2.014060412286268,79.33750503455612,-161.34401839037196
144960000,0.6971379440181104,-0.37713041414858123,8.643609326717053,2.01882253260885,79.45435546955589,-161.199376836069
144964000,0.6976406836349027,-0.37721606251846984,8.66611887246344,2.0135316498111857,79.37199422453905,-161.40132491441298
144968000,0.6971031960638238,-0.3771604715851795,8.642853314099472,2.019000718682821,79.44501742542484,-161.18210288812506
144972000,0.6975434888974205,-0.37730554161234003,8.664113800373174,2.01400181282747,79.34368395368992,-161.3524157584786
144976000,0.6971671069514129,-0.3771294801166045,8.644781534994937,2.018546315036101,79.45205383649356,-161.21163481257207
144980000,0.6976061533064964,-0.3774869412155198,8.6707228542743,2.0124529106466325,79.26215140887241,-161.36166355173694
144984000,0.6970682263601633,-0.3771141075359842,8.640398265287294,2.019579571838028,79.46758936991841,-161.17178410647742
144988000,0.697177940317937,-0.3773784362575766,8.650739023538334,2.0171436731579244,79.34719047056943,-161.19314598594195
144992000,0.6967757640245291,-0.37739121270611947,8.634579997362522,2.020952739486884,79.37895039593198,-161.0243285187647
144996000,0.6974141168088666,-0.3773877295541055,8.660627753130024,2.0148197703051665,79.3214170425199,-161.290789397363
145000000,0.6969878425398177,-0.37729126571707944,8.641031226258134,2.019430299953502,79.40109370674159,-161.12192606069425
145004000,0.6967497286236626,-0.3775076650778896,8.63609217993934,2.0205956693666898,79.33283415856533,-161.0027783965758
145008000,0.6973856049971658,-0.37755162685449717,8.663098809825298,2.0142398988432846,79.25571772199405,-161.2636652850816
145012000,0.6971031957600323,-0.3775875413022815,8.652315066547938,2.016772934202654,79.26695231060214,-161.14264003898342
145016000,0.697258660140751,-0.37720728698155326,8.650251835548287,2.017258304059266,79.41111951006798,-161.24265459858685
145020000,0.6984604408764385,-0.37836984903488013,8.725821235453257,1.9996325565958448,78.81359922980042,-161.63445431797342
145024000,0.6971343089196749,-0.3774052518655272,8.649546813150957,2.0174242125892055,79.34004541152888,-161.17247298866414
145028000,0.6970467418135722,-0.3775823799570759,8.64988877868768,2.017343736545797,79.274325788551,-161.11959940879825
145032000,0.6960836014975899,-0.3773147337744497,8.604736457106375,2.028025693795546,79.47401080388431,-160.7430601241164
145036000,0.6969884182827709,-0.37738092317918603,8.643038945377162,2.0189569639619673,79.36366096417487,-161.1139004120901
145040000,0.6964799619924421,-0.3773564105428929,8.621756221329372,2.0239859081093754,79.42055897980241,-160.9042945159914
145044000,0.6967678098100213,-0.37744431313290433,8.63542927111823,2.0207521857426043,79.35755889696158,-161.0161339923154
145048000,0.6974083516998705,-0.3771927676455491,8.656064430355029,2.0158915061837344,79.40331359330625,-161.3064810974269
145052000,0.6980033678922761,-0.3780428159641156,8.699517556693902,2.0057323972939747,78.99315645844649,-161.4750991337418
145056000,0.6974507202860583,-0.37737719603267106,8.661896236407124,2.014522059308017,79.32240989112476,-161.30703888980878
145060000,0.6967725946722306,-0.37749963140017867,8.636847971199693,2.0204172526521718,79.33407712372197,-161.01304032500684
145064000,0.6971967308866295,-0.37741997043641323,8.652429610551163,2.016745994890638,79.32813269077734,-161.1971368726363
145068000,0.696529428600003,-0.37749529533336745,8.626834997948928,2.022783547408807,79.35820173914455,-160.9121844798167
145072000,0.6970298378729366,-0.3775504124741938,8.648488025377121,2.017673422024825,79.28920594685493,-161.11551279833353
145076000,0.6969499645807172,-0.37766758977595194,8.64781728915034,2.0178313268322716,79.24778411899047,-161.0714186011139
145080000,0.6971696245886447,-0.37775556597860677,8.658768637887155,2.0152562614160168,79.19081266157598,-161.154733866832
145084000,0.6968793587436317,-0.3775452108507168,8.642218066604931,2.0191504658217547,79.30526255459206,-161.05331003833484
145088000,0.6968319420011236,-0.37751974086857826,8.639716640073184,2.0197403450557267,79.32023964278144,-161.03590754665268
145092000,0.6968617167371843,-0.37768110261702265,8.644507151519687,2.018610963580768,79.25030602940565,-161.0334319022696
145096000,0.6971324969673789,-0.3777437326945088,8.656983316292058,2.0156756057825467,79.19918431132153,-161.14037212367361
145100000,0.6968535851464542,-0.3775885081262156,8.642123453864729,2.01917277082894,79.28960692292917,-161.0385853246473
145104000,0.6967167297567172,-0.3778635491650938,8.642623847322646,2.0190548084012057,79.18776551952809,-160.95628205525122
145108000,0.6971323208926046,-0.377901738307196,8.660487932513485,2.014852591388673,79.13342937738389,-161.1256360503847
145112000,0.6967755363320974,-0.37768905506294553,8.641160776869771,2.0193997506223047,79.25494147776465,-160.996827625425
145116000,0.6968261356298227,-0.3773647445122201,8.636050939722038,2.020605405695707,79.3853491985168,-161.04775174256594
145120000,0.6964946668787773,-0.3777486351217905,8.63101590930092,2.0217948256481715,79.25597521359386,-160.87449836925737
145124000,0.6971481415291543,-0.3778707280046425,8.660447378682976,2.0148621110774494,79.14486565636136,-161.13509968217278
145128000,0.6967257892762866,-0.3778216544973684,8.642065608318994,2.0191864081930113,79.20435488221484,-160.96391121873438
145132000,0.6968616870286438,-0.37757415334156413,8.642136694874578,2.019169649223564,79.29483783254373,-161.04328234705994
145136000,0.6964196309890004,-0.3776766346796944,8.626367100736005,2.022894258404955,79.29279759134346,-160.8498890811092
145140000,0.6970045634466135,-0.3778851494091149,8.654881376225788,2.016169543666155,79.15218185160886,-161.0740151424994
145144000,0.6965733499783209,-0.37775750838459154,8.634421104540703,2.0209902660459065,79.24506165161797,-160.90640837592812
145148000,0.6968859429269292,-0.37745356784376316,8.640458394005483,2.0195653906631743,79.34283206237372,-161.0644979925511
145152000,0.6962438647953646,-0.37750772368424546,8.615489700205371,2.0254714383169365,79.37912171138441,-160.79220160155086
145156000,0.6966173343081847,-0.3776264921821579,8.633317503823392,2.0212509479040324,79.29553069014806,-160.93674171532723
145160000,0.6963078691820619,-0.3777548468805476,8.623543910547015,2.0235625229289815,79.27050121380766,-160.79625856841326
145164000,0.6969102904756715,-0.3775755262968707,8.644154035852777,2.0186941686410913,79.28978400007458,-161.06339708877007
145168000,0.6964873832883985,-0.3761996895096734,8.596647470504337,2.029951368165392,79.90270215026135,-161.01260219383795
145172000,0.6964897296342689,-0.3776560126182357,8.628767365747555,2.0223264511971313,79.29495434159007,-160.88093773387834
145176000,0.6966570163405849,-0.37810523624277537,8.645542896418357,2.018366949528527,79.0928132113792,-160.90917300179336
145180000,0.6968380862996176,-0.37767810936582946,8.643474704702129,2.018854259619542,79.25373172198769,-161.0238714665327
145184000,0.69644063585443,-0.3777430897894649,8.628691122318038,2.022344482435293,79.26323543117716,-160.85253731306602
145188000,0.6965563888147619,-0.3779077924505036,8.637055460129714,2.020368277081407,79.18413212955176,-160.88554312290643
145192000,0.6967494861139546,-0.37813366056234293,8.6499562551325,2.0173278578206064,79.07246434287482,-160.9449652511196
145196000,0.6967195540934982,-0.377976201719737,8.645237087970305,2.0184389896349364,79.14066593542667,-160.9470674969868
145200000,0.6965837090362941,-0.37786993563791565,8.637332326101737,2.0203029295070185,79.19735742537313,-160.90038204558456
145204000,0.6964122189814305,-0.3774425199919582,8.620898353151526,2.024189143464884,79.3908944152545,-160.86821771367605
145208000,0.6962864106662461,-0.3777550911786441,8.622675974437652,2.0237680572865466,79.27236158499667,-160.78731559079392
145212000,0.6965621501068452,-0.3780927529459419,8.641389141283195,2.0193459022680864,79.10674456852392,-160.8709147358842
145216000,0.6964017911674226,-0.3777673195197287,8.62764395004345,2.022592166791835,79.25671953656823,-160.83416518497972
145220000,0.6966133116299004,-0.37758854145171816,8.632314340066713,2.021487964134775,79.31169498918851,-160.93855193822426
145224000,0.6960316870074639,-0.3777442120541228,8.61208191950829,2.0262802005478804,79.30011587635938,-160.6824405786713
145228000,0.6968048892193581,-0.3780569466610156,8.650520036134404,2.0171951972824553,79.0992210472789,-160.97508036915863
145232000,0.6966738527787439,-0.37806083919349137,8.645246159149828,2.018436852638798,79.10970615838085,-160.92026455819504
145236000,0.69661956315103,-0.377581287933434,8.63240895851726,2.0214656063683893,79.31414025795243,-160.94181989364543
145240000,0.6960104906318322,-0.377893514545679,8.614512408677038,2.0257033107580167,79.24002549737922,-160.66004237017253
145244000,0.6965403456856337,-0.37802330608292295,8.638959339164485,2.0199189978642305,79.13760275862822,-160.86824999763652
145248000,0.6964327452160844,-0.3779222888163695,8.63233226775159,2.021483727893351,79.18946563764669,-160.8328229587761
145252000,0.6965204537025707,-0.37783946295097215,8.63407658509672,2.0210716378357545,79.21584034801766,-160.87688385432094
145256000,0.6962786148459684,-0.37796342391185356,8.626961231008222,2.0227536809941853,79.1865041685462,-160.7650163125121
145260000,0.6964161856189015,-0.37812654626059217,8.636179095961381,2.020575149827406,79.10613975534046,-160.80718541022364
145264000,0.6964962194941112,-0.37823341738948707,8.641815580822806,2.0192453554995504,79.0544060571425,-160.83057993808558
145268000,0.6964365684231263,-0.3777698917716905,8.62911777998692,2.0222435839128803,79.25246332324896,-160.84838950202453
145272000,0.6961750028347959,-0.377943498679552,8.622303344431492,2.0238563119838164,79.2042578087938,-160.72380382183673
145276000,0.696407672109754,-0.37821446625777216,8.637779941182801,2.0201972896809446,79.07042231209326,-160.79556826640743
145280000,0.6965244723854127,-0.37836312719079956,8.64584891512282,2.0182948650620864,78.99796846512201,-160.83034811198937
145284000,0.6965399767356969,-0.3779092821840705,8.636418613842116,2.020518605496952,79.18502188203756,-160.87858414830987
145288000,0.6962129139709986,-0.3779330475625171,8.623615137656808,2.0235456576297732,79.20513320232034,-160.74050543153172
145292000,0.6962611207751285,-0.37814113667334376,8.630179389906116,2.0219925720203245,79.11431581076987,-160.74147065427013
145296000,0.6965823886060024,-0.3784982281115717,8.651219793774935,2.0170305651237284,78.93657261917846,-160.8418972482343
145300000,0.696525978266323,-0.3780347757567266,8.638626899942087,2.0199974327292263,79.134159475983,-160.86122542270735
145304000,0.6963416857884209,-0.3779226588656238,8.628629053459857,2.022359161687729,79.19766214095465,-160.79495179411185
145308000,0.6959717443149456,-0.37803823683852517,8.616131122201175,2.0253192833493503,79.183474974258,-160.6307709719329
145312000,0.6967181997596169,-0.3785500768674453,8.657935048877047,2.015452036737927,78.90249319631063,-160.8934287161072
145316000,0.6967084082162447,-0.3782281265762731,8.650373578260893,2.0172296578801436,79.03702220468696,-160.9191698339518
145320000,0.6964933037812041,-0.37816220316309845,8.64011718228705,2.019645867060159,79.08424075756933,-160.83592713660596
145324000,0.6963227576205067,-0.37829308906728226,8.636057686524147,2.020603812848836,79.04560077265742,-160.75310274922452
145328000,0.6965427864181423,-0.3786057493110812,8.651990429843785,2.0168492886093095,78.89564881335107,-160.81553351755392
145332000,0.6966594645517054,-0.37841114780673524,8.652438151025596,2.016743986307196,78.96557118544898,-160.8819268012251
145336000,0.6966756155301782,-0.3784362493984958,8.653657606319618,2.0164572311101323,78.9536607840626,-160.88630598764735
145340000,0.6963061087793995,-0.3784689572065078,8.639278097297595,2.0198437966264757,78.97419107769905,-160.73002788282136
145344000,0.6965438117203415,-0.37865764090520393,8.653186930160816,2.0165679010117636,78.87404345449852,-160.8111587542349
145348000,0.696539655296577,-0.37850481151843735,8.64961772735262,2.017407523551812,78.93779174573758,-160.82356529984338
145352000,0.6962117689064709,-0.3777341656499653,8.619177735290192,2.0245968942489547,79.28787838455541,-160.7581988757446
145356000,0.6961952879024661,-0.37833182084686173,8.631718156945816,2.0216288500204382,79.04123653476046,-160.69667137635813
145360000,0.6964201098069067,-0.3786192612410706,8.647272854114545,2.0179595160528856,78.90138136950335,-160.7634344818839
145364000,0.696436187246068,-0.37851278683486783,8.645564159117985,2.018361940810098,78.94403614587732,-160.77992308943212
145368000,0.696507693483058,-0.3782280062350796,8.642164250967394,2.019163152828134,79.05559537268556,-160.83584157863035
145372000,0.6960477643058881,-0.3783734556866122,8.626630852464091,2.022831849576332,79.03748890904124,-160.63168767336248
145376000,0.695943540373264,-0.3784313084471116,8.623669401390176,2.023532809142687,79.02304325741085,-160.5831993823456
145380000,0.6962753662778133,-0.37866685751915385,8.642415955171353,2.0191038150803085,78.89500445621267,-160.69907036910192
145384000,0.6965984153345887,-0.37852503947891536,8.65247197996267,2.0167360303199517,78.92397040454107,-160.84606493065846
145388000,0.6965635756175637,-0.37868773154501506,8.654665792060543,2.0162202178448125,78.85974270269539,-160.8165656146011
145392000,0.696215980678126,-0.3785708244600998,8.637860014330888,2.020178393111061,78.94025733839017,-160.6833026821336
145396000,0.6964612495152941,-0.37886545109407427,8.654433284911201,2.016274872726797,78.79558888760754,-160.7577246888911
145400000,0.6962988061466058,-0.3785890257402236,8.641644803307576,2.0192856205566088,78.92509438263463,-160.715949965445
145404000,0.6960090539683291,-0.3783616321289389,8.624793658833152,2.0232666459867756,79.04593166492162,-160.6167221811021
145408000,0.6960770126392681,-0.3786449334459327,8.633836205979401,2.021128416698234,78.92232192878015,-160.61892662458504
145412000,0.6964739929125565,-0.37907360985249067,8.659594377093702,2.015062367348827,78.70824329007942,-160.74371639490852
145416000,0.696556897326255,-0.3787416085186626,8.65559183698532,2.016002564280076,78.83803382920036,-160.80880976002248
145420000,0.6963737387836659,-0.3785084782022451,8.642916807913299,2.018985752487864,78.95157939569054,-160.7544284322039
145424000,0.6955623113509104,-0.37784746961735877,8.595331734806894,2.0302649412893663,79.29979793204262,-160.47816447250574
145428000,0.6965528824550793,-0.37896731642829723,8.660456989714028,2.0148598549562737,78.74492067227423,-160.7862268908293
145432000,0.6966910350012173,-0.3788018068322507,8.66243047021094,2.0143967019341504,78.80065073773623,-160.8588101601941
145436000,0.6979521174189255,-0.3794308551534114,8.728626300949095,1.9989842582331818,78.42133809920122,-161.32216428249973
145440000,0.6962936910043743,-0.3786508521245009,8.642808870422229,2.0190111946822578,78.89994735672671,-160.70813631379278
145444000,0.6964230190500325,-0.3788680377705789,8.652926031851507,2.0166292511861705,78.79805481606222,-160.7416548650349
145448000,0.6964900045418964,-0.37868032006661223,8.651489403176273,2.016967141254508,78.86962037535429,-160.78676096629033
145452000,0.6965198572020959,-0.37855591749117096,8.649943994319852,2.0173307430469336,78.91842856071584,-160.81063345821914
145456000,0.6962648947996143,-0.37858177271719684,8.640099249010548,2.019650096886409,78.93122156586045,-160.70256477859098
145460000,0.696129015123191,-0.3787259012862386,8.63775315123595,2.020203611955803,78.88401656604779,-160.63302442368925
145464000,0.6966828586612414,-0.37873898087902386,8.660694616481834,2.014804075376704,78.82744611012198,-160.8612537809125
145468000,0.6966371737819539,-0.378388653580652,8.651025704423983,2.0170762258696153,78.97696720391158,-160.87475704134525
145472000,0.6960636616060163,-0.3785177359898724,8.63047289615093,2.0219231851096024,78.97623692403882,-160.62506199471582
145476000,0.6964056471751635,-0.3790458395132999,8.656175586302219,2.015865386638002,78.72606712476893,-160.7180098264389
145480000,0.6964839508674942,-0.3788590307861817,8.6552197403492,2.0160900145793077,78.79614631072936,-160.76771986108557
145484000,0.6963513505950131,-0.3788427394687968,8.649430997627361,2.0174514693565633,78.81515358833227,-160.71431822971954
145488000,0.6958941648888722,-0.37848433827087913,8.62283402621404,2.023730626212071,79.00558408231386,-160.55789625608588
145492000,0.6959992782072998,-0.3787525974461661,8.633055384525363,2.021312873110424,78.88487804580494,-160.57686325056991
145496000,0.6965275927278276,-0.3790939377115212,8.662244867586336,2.0144402516091624,78.69485908001685,-160.7640092567539
145500000,0.6963435673464877,-0.3785088735512066,8.641693282726756,2.019274190160886,78.95419462045668,-160.7418835786272
145504000,0.6961857294786216,-0.37837828486398445,8.632357776673826,2.021477700266099,79.02284516002497,-160.68844553003453
145508000,0.6958175789675313,-0.378671614118122,8.623863125701105,2.023486940721889,78.93503486453245,-160.5090708490262
145512000,0.6964417369004934,-0.3790522241774195,8.657795974523287,2.015484703227371,78.72008229885519,-160.7323516529926
145516000,0.6957114756775142,-0.37862506790428024,8.618519872354613,2.024752837745839,78.96398632784114,-160.46940379794415
145520000,0.6964147554328722,-0.37861628190066676,8.646987735179465,2.018026654876735,78.90311030903962,-160.7614903030919
145524000,0.6960257921809481,-0.3787178485415164,8.633365349467688,2.0212396448691243,78.89683007957625,-160.59102685651925
145528000,0.6963716576899732,-0.3791922379835648,8.65804763991293,2.0154255915635844,78.6686586454185,-160.6903896352379
145532000,0.696573015491522,-0.378722694353286,8.655830775004976,2.0159464129895377,78.84437894460471,-160.81724051412795
145536000,0.6962452591317166,-0.37870875470143495,8.64211703601684,2.019174283858149,78.88042246051732,-160.68274080562236
145540000,0.6961629897266283,-0.3786974116569138,8.638506970847965,2.0200257299966813,78.89269057312708,-160.64971234946535
145544000,0.6959420092618033,-0.37878915817488007,8.63153261611424,2.0216726997757872,78.87499861052076,-160.54980865640354
145548000,0.6964582735928784,-0.3788137602718489,8.653160518935547,2.01657411143443,78.81727132498571,-160.76127495278016
145552000,0.696281565688713,-0.3787159520257821,8.643759772338456,2.0187870775587373,78.87409690725552,-160.69711544631255
145556000,0.6961992947109656,-0.3788838851934027,8.644131311714762,2.018699523392453,78.81214876434922,-160.6475776200537
145560000,0.6960476191275569,-0.3789408989199588,8.639206119567527,2.019860777080029,78.80252085810783,-160.5795713691453
145564000,0.6965282971196534,-0.37893758836205116,8.658786623820289,2.01525203769087,78.7595087643684,-160.77880496518608
145568000,0.6962099133749123,-0.3786354138728864,8.639045712823131,2.0198986200841524,78.91405470904371,-160.6748495352637
145572000,0.6961211922051614,-0.3787171932067406,8.637240755717093,2.0203245420308007,78.88834127057801,-160.63058558535946
145576000,0.6960252855370055,-0.37887152279767183,8.63675446895751,2.0204393236486156,78.8332749742278,-160.57670837104808
145580000,0.6963838472094174,-0.3790665558795132,8.655744678315228,2.0159666456579384,78.71951423442827,-160.70707202782967
145584000,0.6963670336476886,-0.37892249731482713,8.651847591940227,2.016882885859714,78.7806853353773,-160.71344122948403
145588000,0.696245402282714,-0.3787170279050723,8.642306647553463,2.019129583261549,78.87698275856394,-160.68203820612996
145592000,0.6961086493407336,-0.37907309321614374,8.644636068908808,2.018580588341414,78.74222961511275,-160.59264306756504
145596000,0.69629072769702,-0.37932593123086145,8.657715338367652,2.015503643943658,78.62089025710483,-160.64454865851658
145600000,0.6959437541516673,-0.37890934945991145,8.634269909989108,2.021025975763542,78.82511257469149,-160.5395063126735
145604000,0.6963131656199016,-0.379292101615033,8.657879536330649,2.0154650756787755,78.63279275566482,-160.6569557106373
145608000,0.6963633056503461,-0.3788096144437487,8.649182957019011,2.0175098473115636,78.8277658796527,-160.7223278037785
145612000,0.6960803237020644,-0.3786505897992104,8.634096614954698,2.0210669068183633,78.91967549540327,-160.61977874444332
145616000,0.6959048532860537,-0.37901924161500494,8.635123492785937,2.020824389877939,78.7832393366976,-160.51333351937453
145620000,0.696261260411904,-0.3792160504930315,8.654058673965649,2.0163629378588728,78.66903386008062,-160.64254071556104
145624000,0.6963330206525145,-0.3790169469713097,8.652559062900643,2.0167155501928526,78.74474208324713,-160.69063283684645
145628000,0.6959468171596828,-0.37899987609670016,8.636404365943065,2.0205219689895233,78.78739310191223,-160.5324620268028
145632000,0.6960024529063875,-0.379258002654089,8.64441266929509,2.0186332258634616,78.67558883685638,-160.53171244035454
145636000,0.696141070652122,-0.37926971486080546,8.650337896363233,2.0172380537808348,78.65796312072104,-160.58790535493165
145640000,0.6964921400144982,-0.37924982781245004,8.664271091319323,2.013964922198767,78.633666592577,-160.73486831098643
145644000,0.6961065377202298,-0.3789097170593594,8.640917869048065,2.01945703148013,78.8100010562877,-160.60681492950565
145648000,0.6961223456324257,-0.3792277811131149,8.648638381408862,2.0176380285948676,78.67702077882356,-160.5840389013036
145652000,0.6961168677550215,-0.3793330309793891,8.650758917911478,2.0171389924710343,78.63403888088256,-160.5720577358965
145656000,0.6965182767771259,-0.3794331033964523,8.669439402704002,2.0127535139269264,78.55547305704015,-160.7286316375945
145660000,0.6961364609320099,-0.3791421083544697,8.647307967029258,2.0179512480951303,78.71113046802567,-160.59777860816467
145664000,0.6961241153117786,-0.3794313255784554,8.65324640610498,2.0165539157826733,78.5927708552299,-160.56596776498893
145668000,0.6963920275583685,-0.3796101968748146,8.668218528865514,2.0130395443064932,78.4940684053871,-160.66000577106837
145672000,0.696587109903889,-0.37965391658553455,8.67721041991679,2.0109348062487395,78.45783829523181,-160.73648489175088
145676000,0.6964942859566275,-0.3791788803117228,8.662775037791038,2.014315857843763,78.66280940520028,-160.74234437989082
145680000,0.6961433012748593,-0.3794073634857078,8.653497019034056,2.016494988564588,78.6008927677162,-160.57610667008294
145684000,0.6960200149990942,-0.37958808631836694,8.652484284233546,2.0167331365815846,78.53768375819679,-160.5085064973076
145688000,0.6964734085752649,-0.379666452546685,8.672818700507024,2.0119622264034462,78.46326635147314,-160.68836799202785
145692000,0.6962110359506756,-0.37928178885418695,8.65346876661326,2.016501631450927,78.64650784449128,-160.61570168553118
145696000,0.6954886918126284,-0.3788650858966761,8.614779768938542,2.025639871494242,78.88500664469444,-160.35538845470325
145700000,0.6963849913122482,-0.37970623129749154,8.67007859601915,2.0126037941540296,78.45508011628856,-160.6481661522055
145704000,0.6964698753675014,-0.37993784000791236,8.678755590979467,2.010573572040272,78.3516113548455,-160.66159508463414
145708000,0.69663257895523,-0.3796755808940557,8.67956587597016,2.010384193555198,78.44464541497655,-160.7532384087654
145712000,0.6961229210468274,-0.3793693511124845,8.651815901697653,2.01689033995108,78.6184767225149,-160.5712027487792
145716000,0.6962170946824847,-0.3796565170518422,8.662080428984064,2.0144788369524678,78.49119812455136,-160.5834953115537
145720000,0.6961988623942377,-0.3798755499763018,8.666231033805362,2.0135053559647833,78.4025412264747,-160.5556396239007
145724000,0.6962159253913155,-0.3796121907576006,8.661042090076403,2.0147225163665397,78.50960028634825,-160.5871241305999
145728000,0.6960732116842808,-0.3794220692046471,8.650958076749031,2.0170921361951946,78.60129718592687,-160.54580299120835
145732000,0.6962408392446081,-0.37972871695944405,8.664667748155173,2.01387189731543,78.45920282202435,-160.58659152183094
145736000,0.6961545391177382,-0.37978195934693604,8.662320741705976,2.014422448328195,78.44525023479984,-160.5460508158856
145740000,0.6964681602516529,-0.3798163553359601,8.675961172195258,2.011226954042724,78.40188603408332,-160.67222605761054
145744000,0.6960289466023978,-0.37958327402668596,8.652742244786054,2.0166724709213297,78.5388440588681,-160.51263672021628
145748000,0.6959723108135438,-0.379780877645586,8.654835077759834,2.0161804261454965,78.46257532451119,-160.47100753192993
145752000,0.6959460990299305,-0.3797133366395755,8.652255541188138,2.0167869341056903,78.49284765229636,-160.46644282711222
145756000,0.6962808417655029,-0.3799564940477519,8.671407113913832,2.012292683807863,78.36154497037522,-160.58191021272557
145760000,0.6960470518442353,-0.37976264358245976,8.657486674924654,2.015557356898962,78.4631777085628,-160.50351301283098
145764000,0.6959680782968519,-0.3798299017434414,8.655756549791727,2.015963855844118,78.44275661669336,-160.46472801961124
145768000,0.6961560934692689,-0.3801607112899361,8.670862486616475,2.012420212133243,78.28900989076593,-160.51150015681662
145772000,0.693415084602762,-0.3784648989772045,8.522666077099178,2.04773542371915,79.2353109566845,-159.53501444171133
145776000,0.6963196653301815,-0.3798919790864813,8.671555818814063,2.012257866327563,78.38453087394745,-160.6039244221125
145780000,0.6960624709751222,-0.37971259621125364,8.657000173747727,2.0156716454077332,78.48239079916543,-160.5145055113834
145784000,0.6955534258010219,-0.3782348260907756,8.603494667882424,2.0283210772099323,79.13996942028758,-160.4394268635344
145788000,0.6964005770913887,-0.38022834673724526,8.682426356035265,2.0097159332743497,78.23834814340239,-160.60588862699763
145792000,0.6964889619957575,-0.3797944024990758,8.676324100131001,2.011142071300079,78.40900393610909,-160.68285768484748
145796000,0.6963158415919148,-0.37988542120637625,8.671251946317122,2.012329015741848,78.38759125301081,-160.60295814074829
145800000,0.6965334534110427,-0.3802765721660424,8.68898086518117,2.0081863619517333,78.20604361605584,-160.6561096940954
145804000,0.6964716643328556,-0.3802320173927135,8.685434429824095,2.00901367361688,78.23018593048224,-160.63482896851582
145808000,0.6964730396218373,-0.3798780881331797,8.677545639099112,2.0108564267406814,78.37596188267285,-160.66847867974855
145812000,0.6960643712798437,-0.3797685699740332,8.658328118799737,2.0153597162323926,78.45912998742904,-160.51010636976721
145816000,0.69628119859573,-0.38027430856511524,8.678549186453166,2.010621818296567,78.23057127352209,-160.55243074346856
145820000,0.6963463205720493,-0.3803409105393776,8.682723140268639,2.0096466246186644,78.19706599019369,-160.57302153901978
145824000,0.6964810888423123,-0.3802217647839467,8.68559199673342,2.0089769019084733,78.23352754135234,-160.63967138084823
145828000,0.6962958055136826,-0.37986557754419137,8.669985094449817,2.012625693852306,78.39763958988749,-160.5965423053152
145832000,0.6964195125466035,-0.38023760590633676,8.683413484637668,2.009485425597734,78.23276348214551,-160.61282262974711
145836000,0.696223965295992,-0.3802800842898925,8.676326755967192,2.011141450171169,78.23353296938906,-160.52832730503272
145840000,0.6965808309547263,-0.3802824400187531,8.691065170629926,2.007700454874618,78.19918348501436,-160.6750768499361
145844000,0.6961230841926843,-0.38015328414642313,8.66934150288599,2.012776447210495,78.29513947276362,-160.49859687769128
145848000,0.6960355372148258,-0.38024391907978833,8.667780996183676,2.0131420707941525,78.26596230040842,-160.4541259289161
145852000,0.69620667579248,-0.3803015268605273,8.676097624499041,2.011195039298621,78.2263177534022,-160.51921006668022
145856000,0.6963004531295477,-0.38075399897074547,8.690128611254213,2.0079187625693113,78.03143164468929,-160.51548346056475
145860000,0.6966162752697413,-0.3800124969917318,8.686456133742423,2.008775260544985,78.30712952153085,-160.7149912694557
145864000,0.6965873147219295,-0.38045508909325604,8.695219639080465,2.006732641925128,78.12747170729163,-160.66153799408895
145868000,0.6956062712585511,-0.3802237601778269,8.649758936075981,2.0173742921392996,78.31400351042267,-160.2793628499626
145872000,0.6963019243168771,-0.3805366170658968,8.685296128577738,2.009045950372797,78.12067927060109,-160.536446456413
145876000,0.6962600259961319,-0.38019070834230145,8.6758029261311,2.0112639673899766,78.26697406874364,-160.55151083768195
145880000,0.6962368330862516,-0.3803308980167137,8.677996113247358,2.010751108476568,78.21141424667636,-160.52888443277647
145884000,0.6963478687713157,-0.3805044430636223,8.686463603422293,2.008773517715717,78.12961562565343,-160.55835945007112
145888000,0.6963300735301579,-0.38063632322116225,8.688698703797813,2.0082521594365863,78.0770351600234,-160.53868856592337
145892000,0.6962923721474479,-0.3801883122441428,8.677078276595475,2.0109657051186036,78.26494411856721,-160.56505715491062
145896000,0.6962747494214165,-0.3800911494495129,8.67417485421829,2.0116448486981446,78.30661511838879,-160.5668568201798
145900000,0.6963443242180031,-0.38063141222047875,8.689175072501957,2.0081410770756043,78.0777194672164,-160.54500911020082
145904000,0.6968249670285863,-0.3811019841284592,8.719663106892972,2.0010572873680186,77.83898198796588,-160.69822507175226
145908000,0.6963694258584262,-0.380354360159141,8.683976097198924,2.0093540718317446,78.18936811284362,-160.58127619595757
145912000,0.6960477185214008,-0.3802493401441645,8.66840207561891,2.012996537147878,78.26259870662963,-160.45863609286852
145916000,0.6959695250414801,-0.3805003424525444,8.670821734346035,2.012429755217883,78.16660973991985,-160.40312703413912
145920000,0.6962608352067331,-0.3807187043896244,8.687702229521458,2.008484562891868,78.0496505953241,-160.5025058437132
145924000,0.6963731783950183,-0.38049070346887626,8.687196554981597,2.0086025198798745,78.13289919771694,-160.570059968793
145928000,0.6962056749648193,-0.3802463426256923,8.674818308578566,2.0114942976515593,78.24913031610619,-160.52394244684407
145932000,0.6962853925301811,-0.3805932304519221,8.685889257725517,2.0089075331907655,78.0989406232815,-160.52434894534488
145936000,0.6960149304248133,-0.38066074265453487,8.676286391551766,2.011150890367773,78.09644765302063,-160.40685472858766
145940000,0.6965767717928488,-0.3806308371645506,8.698746080328332,2.0059118674797047,78.05613168606209,-160.64067637709937
145944000,0.6963407691469161,-0.3803735424102328,8.68322807291376,2.009528717653604,78.18415141386755,-160.5676850895155
145948000,0.6961351481508066,-0.38064032706549894,8.68076780661273,2.0101033462797915,78.09362209113283,-160.45817050262653
145952000,0.6959819705835303,-0.38069159182712436,8.675625698601298,2.0113054220777173,78.08684322134783,-160.39043582921346
145956000,0.6964239618015806,-0.380799975175283,8.696255791475862,2.006491408866594,78.00094328430353,-160.56193471112167
145960000,0.6961854994457359,-0.3806883278712692,8.683918068541027,2.009367619047761,78.06918600671831,-160.4743821765813
145964000,0.6962785988173977,-0.3807798252773791,8.68981015695039,2.00799300367132,78.02286551641919,-160.5040809539236
145968000,0.6962823075443227,-0.3809544876838647,8.693899675270488,2.0070400352770688,77.95076129285225,-160.48922380177873
145972000,0.6967351608521171,-0.3810734133086927,8.71529568758181,2.002068960260921,77.85922792741533,-160.6640339388465
145976000,0.696385006435748,-0.3809659751201885,8.698394085874325,2.0059937634150753,77.93639577084417,-160.53032558119565
145980000,0.6961438311233921,-0.3806285196524089,8.680859365544451,2.0100819555334777,78.0976650416468,-160.46284265346608
145984000,0.6958933352882646,-0.38102156869624937,8.679402704381614,2.0104223268708763,77.95962336015316,-160.3232749557867
145988000,0.6967038195437592,-0.3811036940287805,8.714683830740322,2.002210773384399,77.84975426303984,-160.64829288988076
145992000,0.6963579737903431,-0.38074705203825243,8.692342108192937,2.0074028833983233,78.02889322331953,-160.539778630119
145996000,0.6963457282205082,-0.3807398926695871,8.691676154321746,2.00755806307596,78.03298494829035,-160.53541635264168
146000000,0.6963196641841155,-0.3812626482414756,8.702398583570726,2.005062462955966,77.82075969296578,-160.4755909198001
146004000,0.6963526736534681,-0.38107365515320807,8.699491022349184,2.005738569499299,77.89521667297782,-160.50692189715645
146008000,0.6966632554634058,-0.3811573220054781,8.71421911656593,2.0023184959993854,77.83156601413161,-160.62655859298607
146012000,0.6964739976362534,-0.3808075521083679,8.698490948476737,2.005971226442909,77.99312534275094,-160.5817899254029
146016000,0.6963873727718474,-0.3811573459160155,8.70281403296403,2.004965894270171,77.8575952769666,-160.5132899638958
146020000,0.6963867093901115,-0.38108198319943326,8.701083842671945,2.005368128066927,77.88859528004951,-160.52011234426388
146024000,0.6966921511769966,-0.3810213104549317,8.712335862463307,2.002755161095152,77.88470410543844,-160.65129120291928
146028000,0.6963101411288234,-0.38092333106115484,8.694344379971675,2.0069364618202186,77.96094565380076,-160.5035803479293
146032000,0.696372456964297,-0.38134654211894065,8.70647633001138,2.0041150196207473,77.78137283185461,-160.48934226928466
146036000,0.6962505045070488,-0.381006048188752,8.693751686933597,2.0070745047183682,77.93257303659395,-160.4713252550001
146040000,0.6966656913524282,-0.3813166339728001,8.717929831398628,2.0014586619138544,77.765931580391,-160.6124779747158
146044000,0.6964080975241193,-0.3809739917012166,8.699527878464144,2.0057299963373123,77.93093134333134,-160.53905647169
146048000,0.6963214133321561,-0.38134730063957045,8.70438493540546,2.0046008319893907,77.78587250080044,-160.46833618648623
146052000,0.696308310896936,-0.381241983267384,8.701462827665225,2.005280007955526,77.83030622413469,-160.4728783013458
146056000,0.6965961760533097,-0.38143379384022436,8.717707197310185,2.001510229003166,77.72444494035953,-160.57285951774384
146060000,0.6963028581796972,-0.38107392460775474,8.697441911418704,2.006215332437809,77.89978940938205,-160.48644519538325
146064000,0.6959071170309397,-0.3811416914724765,8.682672865829401,2.0096583649779896,77.90906121354153,-160.31771434304147
146068000,0.6961254128170934,-0.3810812980348625,8.690294772888857,2.0078800275747852,77.91341444923324,-160.4129205613517
146072000,0.6965165372710578,-0.3815848956224836,8.717836440039822,2.0014802931394486,77.67002944712148,-160.52589627992694
146076000,0.6964324101943984,-0.38115117671876236,8.704534612368624,2.0045660555023423,77.85588497058939,-160.53235801017524
146080000,0.696217335099696,-0.38127513707594857,8.698457968507197,2.0059788998184462,77.82526270433324,-160.4324413157619
146084000,0.696201302554025,-0.3811856278132173,8.695775525637744,2.0066032152881976,77.86348650912107,-160.4342737118997
146088000,0.6963398223152716,-0.3816318007102518,8.711587138277743,2.002928818921457,77.66752023195916,-160.4490454093065
146092000,0.6962238368300333,-0.38111837276311117,8.695186573660296,2.0067403410497557,77.8889677597321,-160.4498350967451
146096000,0.6962184672484619,-0.3812438438820589,8.697797829591217,2.006132505262922,77.83799186828811,-160.43584668424117
146100000,0.6962140656865047,-0.3813815917076322,8.700728696429891,2.0054507123457275,77.78191709264419,-160.42109073408938
146104000,0.6962372243088489,-0.381551140351423,8.70551999418707,2.004337138576409,77.71024638085228,-160.4146196988905
146108000,0.6962844007210972,-0.3813600517023476,8.703144918017657,2.0048889887348533,77.78412945800909,-160.45195680612812
146112000,0.6963046784800352,-0.3813128643004721,8.702915144253511,2.0049423929792916,77.8015720891992,-160.4647159907999
146116000,0.6962398123216387,-0.3816179919679725,8.707140430039761,2.0039608045616117,77.68261462099262,-160.4093787711165
146120000,0.6962417940577595,-0.3814676391604719,8.703819170176747,2.004732294878877,77.74403456047727,-160.4243583460097
146124000,0.6966922636784026,-0.3814684268872821,8.722474365314849,2.0004066280538946,77.70113076119775,-160.60899090140512
146128000,0.696077405606512,-0.38117839215986277,8.690507023075035,2.007830550768521,77.87807656217743,-160.38412581250012
146132000,0.6963142454095251,-0.38159015220759485,8.709585927177269,2.0033931249618044,77.68699866238813,-160.4424985960138
146136000,0.6961319057524556,-0.3814803970551645,8.699572408985759,2.005719638117077,77.74914598684035,-160.37812411729325
146140000,0.6964474920787144,-0.38155732876902326,8.714353062967787,2.0022874454903667,77.68786204395141,-160.50020436777723
146144000,0.6961947080161992,-0.38138724665030627,8.700057764040752,2.005606746911887,77.78141942349345,-160.41262286370144
146148000,0.6963246366304257,-0.3816775536150956,8.71199618807984,2.0028339408509717,77.65021229921295,-160.4385031706284
146152000,0.6963028417650194,-0.3816753744348244,8.711045531799618,2.0030544570715385,77.65316322001244,-160.42978193457483
146156000,0.6967876179622268,-0.3819003418275873,8.736254094419424,1.9972234786249379,77.5150206344606,-160.60699645961586
146160000,0.6962894268048256,-0.381517057785368,8.70690494863905,2.0040154845269846,77.71929218908659,-160.43922365223824
146164000,0.6964065693165753,-0.3816846459653716,8.71554671547617,2.0020107841062162,77.63956234762415,-160.4713944440688
146168000,0.6963524902190085,-0.3818241093040168,8.716472779358952,2.0017961965464233,77.58756510081304,-160.43605441725194
146172000,0.6968037974925367,-0.38208473776633717,8.741130373801633,1.9960994827919998,77.43797423014017,-160.59602515634336
146176000,0.6965538162662628,-0.38164997310531984,8.720857584796802,2.0007807762604064,77.63982553265683,-160.53500947782783
146180000,0.6964475002968283,-0.3817363526584148,8.718414495010164,2.001346412090361,77.6145081612286,-160.48326710997569
146184000,0.696334166615983,-0.38193747084893326,8.718287834536959,2.0013757458876884,77.54290057788926,-160.41782616305338
146188000,0.6965377685614412,-0.38200783871429134,8.728326074537062,1.9990536254876277,77.49479249563551,-160.49447042455347
146192000,0.6964004249895621,-0.38185423714701006,8.719141349418676,2.001178093716069,77.57069364845732,-160.45282640389667
146196000,0.6964680662215568,-0.38173163555852013,8.719159145296645,2.0011739730641374,77.61449257176285,-160.49213789132241
146200000,0.6962899449255356,-0.38206226902421847,8.719291641336541,2.0011432940199505,77.49603377200006,-160.38791979598946
146204000,0.6961947868531099,-0.3820010343310896,8.71396291690574,2.0023778890900044,77.53007945385029,-160.35479363595488
146208000,0.6964234741716206,-0.3821045424299785,8.725785708275563,1.9996407702396426,77.46608436437211,-160.4385243835487
146212000,0.6962979826988658,-0.38183917103494086,8.714558914280861,2.0022397283780693,77.58655444318725,-160.41231670675845
146216000,0.6963390000193849,-0.38237244154032346,8.728380730416955,1.9990409968971299,77.36459706833796,-160.37855355125888
146220000,0.6963790076712832,-0.3819056599767292,8.719422197817268,2.001113064998781,77.55167300216443,-160.4391892846741
146224000,0.6966409360812361,-0.38220194495918053,8.737031542853861,1.997044189432402,77.40555732317641,-160.5182030116175
146228000,0.6962600705630326,-0.3819430513392516,8.715347675610326,2.00205691166532,77.54762752978482,-160.38698020412215
146232000,0.6978539985184942,-0.38267691182047936,8.798666037012563,1.9829326634658453,77.09424139193122,-160.968642866544
146236000,0.6962937085245493,-0.38235093083686994,8.726012738609887,1.9995882835252559,77.37768539096966,-160.36209306194104
146240000,0.6969448654051671,-0.3828651708301292,8.764870831602034,1.9906453444829144,77.10543195900705,-160.57884313850633
146244000,0.6952626664079774,-0.3831843974838792,8.70234451439591,2.0050750316941035,77.13539069393077,-159.86324191952156
146248000,0.6983026662361782,-0.38289809198009367,8.822716325720073,1.977480405969862,76.95977044454405,-161.13053852674125
146252000,0.6919684505976541,-0.38169181451620887,8.53556116638974,2.0446131386217816,78.04127296607972,-158.66006552319726
146256000,0.705145549444627,-0.3803608149074779,9.05983022843639,1.9252951517439798,77.30452023462122,-164.22221528839555
146260000,0.6963537550833468,-0.3822167057614219,8.725447110169085,1.9997190552386888,77.42683865020487,-160.39937035230693
146264000,0.6966165032104431,-0.38230909974349186,8.738459951931809,1.9967148649476312,77.36406886756495,-160.49799354182588
146268000,0.6962573020304744,-0.3823093830253385,8.723558151765339,2.000155901656531,77.39811347219508,-160.35116065583105
146272000,0.6967186499452352,-0.3825397402589954,8.74797801123531,1.9945232268730182,77.26004848280031,-160.51770372021517
146276000,0.6962784311806307,-0.38214857616954123,8.720776299189723,2.0007995907281115,77.4618328379828,-160.3750373223044
146280000,0.6967063493239146,-0.3822836077026716,8.741614430265397,1.9959879757691625,77.3659172574627,-160.53716336957916
146284000,0.6963807109273277,-0.3824550664464182,8.731994181128128,1.9982064413961287,77.32688130207394,-160.38773754306547
146288000,0.6965037926225477,-0.3824628498022264,8.737283430317378,1.9969861080125184,77.31198225756978,-160.43727191504306
146292000,0.6964626213490706,-0.38230696970548855,8.732018905996652,1.9982007333997576,77.37959830405595,-160.43529283399806
146296000,0.6964797664720085,-0.3823158200861149,8.732932415341377,1.9979898631025137,77.37434949139318,-160.44145827677215
146300000,0.6961544296787969,-0.38241701841022285,8.721745342368669,2.0005753179232526,77.36390053559126,-160.2989408219066
146304000,0.6963490304450403,-0.382512782735346,8.731995038116615,1.9982062435507606,77.30632466798436,-160.3693101323896
146308000,0.6965580079281809,-0.38256235402765254,8.741809057934587,1.9959431449563545,77.26616737925477,-160.44992404730056
146312000,0.6964401029130564,-0.38232884914767623,8.731582724843834,1.9983014352221693,77.37279838509642,-160.4240081994265
146316000,0.6962304131343493,-0.3828519505522546,8.73480920252201,1.9975567744097122,77.17922547452484,-160.28864194420325
146320000,0.6962082685607179,-0.3825032875948471,8.725939961340115,1.9996051084634727,77.32357389472581,-160.3127424578767
146324000,0.6964779426206399,-0.3827962131277474,8.743823203189487,1.995479322636788,77.17835547803742,-160.39490931612858
146328000,0.6964423263757178,-0.3824394763556667,8.734196866807212,1.997698056689672,77.32738584549381,-160.4143890915343
146332000,0.6963815277665043,-0.3828341884519156,8.7406816972856,1.9962028508821246,77.17206880548112,-160.35195552086188
146336000,0.6963830075670913,-0.3827012751579636,8.73770688323657,1.996888473853634,77.22614960148597,-160.36523284079902
146340000,0.6968973407096779,-0.3830700984337188,8.767591092857897,1.990022302034301,77.02639320599167,-160.53970975718585
146344000,0.6963300784620173,-0.38261484389552197,8.733535918962591,1.9978505776208246,77.26646282353975,-160.3518634962117
146348000,0.6966853540373751,-0.38307799010656324,8.758918666080653,1.9920099825560453,77.04357067579757,-160.4525081734516
146352000,0.6963067436258457,-0.3827498911827511,8.735648816107675,1.9973630856524285,77.21358007058274,-160.32948676672544
146356000,0.696745606377252,-0.3831806488452335,8.763790678120932,1.990892849076692,76.99593148140538,-160.46719997826747
146360000,0.696374429712262,-0.38267714532481806,8.736799574594448,1.9970976807882108,77.2368136094257,-160.36403181108287
146364000,0.6967436749107475,-0.38291881706055103,8.757701178382952,1.992289344442534,77.10288591075746,-160.49157986599346
146368000,0.6963234293218221,-0.3828841036009678,8.739407500354517,1.9964964646735728,77.15725515735731,-160.32350322106325
146372000,0.6969548456978354,-0.38331480047081123,8.775625583999426,1.9881843853688295,76.92108193104443,-160.53953843270634
146376000,0.6963421624754009,-0.38284578221716553,8.739310370702311,1.9965188498631037,77.17109502821611,-160.33479573056238
146380000,0.6967447795212885,-0.3829505580787714,8.75847513892133,1.9921117441512308,77.08983093330616,-160.48898220191688
146384000,0.6963331083083202,-0.3830356433366781,8.743274789730625,1.9956055911839397,77.0945622679039,-160.31299017051813
146388000,0.6966321188025749,-0.38321189464823296,8.759770288624251,1.9918146180010496,76.99410935233516,-160.41794886783916
146392000,0.6964004484344086,-0.38285011110449996,8.741832315717371,1.9959377878610443,77.16376948274477,-160.35815278342974
146396000,0.6963971628171549,-0.38293376119839145,8.74360842819634,1.995528771236885,77.12997325194263,-160.34882700749694
146400000,0.6962217710520066,-0.38316369199603784,8.741574887235977,1.9959970844137633,77.0530257897225,-160.255415963967
146404000,0.6964492829509455,-0.3831673361638652,8.751125528023884,1.9937995392604315,77.02979804761888,-160.34773300658725
146408000,0.6963560073193247,-0.38313660140102507,8.746538024762662,1.9948544893427997,77.05124162174177,-160.31267567320654
146412000,0.6964559638430348,-0.3837242269792811,8.764190592828653,1.9908012060715021,76.80253028494607,-160.2970149854855
146416000,0.6964830255551016,-0.38313750119796186,8.751847428766753,1.9936336317771333,77.03872192504095,-160.3643373249928
146420000,0.6965759367948862,-0.3831028954225681,8.754926299349197,1.992926355900292,77.04391968088939,-160.40551616593282
146424000,0.6964581595584787,-0.3833563949112784,8.755830985507696,1.9927186278654339,76.95195601099341,-160.3332315324935
146428000,0.6966056441350907,-0.38359320354869686,8.76742809813337,1.990059622942697,76.84141059578603,-160.37049500926693
146432000,0.6966649813638744,-0.3834558051999876,8.76674677093621,1.9902156416801464,76.89161234595191,-160.40787378924426
146436000,0.6967010008564681,-0.3833369477576439,8.76551886727598,1.990496884315416,76.93654247556131,-160.43398391981768
146440000,0.6964349351801811,-0.38355530943336297,8.75942973284148,1.9918927378164162,76.87324020579426,-160.30469426655097
146444000,0.6965150551373244,-0.38370681884656493,8.766257806256517,1.9903276260115197,76.80392297131881,-160.3227136113978
146448000,0.6966601601214613,-0.38368426712337006,8.771803407068107,1.9890582957051361,76.79911365299449,-160.38389488608726
146452000,0.6969012483784716,-0.3833840703507198,8.774976915242243,1.9883326439738411,76.89803709404904,-160.51100745337942
146456000,0.6963812888453209,-0.38371105100365144,8.7607708869903,1.9915851271529923,76.81506264562512,-160.26792547069542
146460000,0.6965844983838474,-0.3836733052000446,8.768387897769083,1.9898398778166917,76.8108648224001,-160.35417894777785
146464000,0.6967044686312701,-0.38386262287309963,8.777768642379579,1.9876947294976781,76.72231476243961,-160.38469113520156
146468000,0.6965137417211796,-0.383538045444621,8.762321475295582,1.9912295990372266,76.87269300536272,-160.33841193187283
146472000,0.6964211272379697,-0.38381176262276323,8.76475005505556,1.9906730159531474,76.77030234418977,-160.27443790228625
146476000,0.6965098057907247,-0.3837671910763787,8.767428015945779,1.9900596417615477,76.77988439964597,-160.31476815191672
146480000,0.6967184786822587,-0.3841110729565502,8.784091886536087,1.9862513762741696,76.62001429176921,-160.36634654186594
146484000,0.6965355149324293,-0.38371628976636846,8.767330485807285,1.9900819739139008,76.79810270736631,-160.3301207040814
146488000,0.6966753304868534,-0.3839368179243305,8.778260429223911,1.9875823979400877,76.69497676133123,-160.36567781584364
146492000,0.6965615547697649,-0.3839861304530661,8.77463613664624,1.9884105406364927,76.68593152158141,-160.31469114239658
146496000,0.6966905308007666,-0.38417367045372264,8.784367131447176,1.9861885962704053,76.59730307272847,-160.34893575658717
146500000,0.6966553138388626,-0.38393333032236365,8.777341945529571,1.9877922038485416,76.69832831503362,-160.35788116765437
146504000,0.6962566792053144,-0.38363048469968686,8.75372487701675,1.9932022857759906,76.85976480523999,-160.22499831039576
146508000,0.6962700827212608,-0.38391664780108586,8.760859271676313,1.9915648583591417,76.7422096596738,-160.20300108530142
146512000,0.69635001357534,-0.38439725639043804,8.775274144560615,1.9882647070003614,76.5395107210042,-160.18917477610717
146516000,0.6965940444657839,-0.3840163541560944,8.776692850672777,1.987940501069529,76.67051833415259,-160.32496970633224
146520000,0.6966481750634176,-0.38396241638285766,8.777714171965346,1.9877071721490716,76.68719996768377,-160.35217007360777
146524000,0.696326803426195,-0.384095996644802,8.767355595035022,1.9900762244317314,76.66394698032497,-160.208788603271
146528000,0.6964366526258408,-0.38446370639597677,8.780435149380814,1.987085811781737,76.50420581721936,-160.21787960857026
146532000,0.6965332955958368,-0.3843341471107573,8.781487877189212,1.9868455163125116,76.54739734507349,-160.26959571462527
146536000,0.6963675889724111,-0.3841447482647817,8.770183147927666,1.9894289879828186,76.64023524812366,-160.2206468174535
146540000,0.6962411929062712,-0.38434517490660447,8.769523208972634,1.9895800124174232,76.57111308873174,-160.1500778319871
146544000,0.6963688474543684,-0.38456358978903055,8.77990529956445,1.987206777296604,76.47027996785577,-160.1807471278924
146548000,0.6966739922839322,-0.38465977736249385,8.794926742781657,1.9837830839006596,76.40173616058037,-160.29507016514876
146552000,0.6962757738291641,-0.3842452322763374,8.76866337407171,1.9897768168063925,76.60831045881383,-160.17372164773624
146556000,0.6966726698059021,-0.3846486533858769,8.794613290729462,1.9838544049741351,76.4063725367405,-160.29561511828717
146560000,0.6962400479510601,-0.38426920567287853,8.767723752206251,1.9899919280559315,76.60202620499685,-160.15692561912516
146564000,0.696548863097234,-0.38460333478640485,8.788367704172112,1.9852765642510986,76.43675274326789,-160.24984200407422
146568000,0.696491847757912,-0.38410482543778013,8.774457847366888,1.9884512972227297,76.64445937463763,-160.27493034835052
146572000,0.6964403444840099,-0.38443972769588225,8.780035495947756,1.987177051894504,76.51356956089569,-160.221693983517
146576000,0.6962846314229227,-0.3844933396788675,8.774758309312686,1.9883826131688986,76.50687466443215,-160.15340599966788
146580000,0.6963978377850251,-0.3846269517153311,8.782584591541577,1.9865952425540985,76.44180787645782,-160.18636619083583
146584000,0.6964090264199839,-0.38466035915120783,8.783826248981628,1.9863119687370463,76.42719333933987,-160.18766639506845
146588000,0.6964705617232244,-0.38446031944311615,8.781776891922128,1.986779556070942,76.50230016442065,-160.23195314305505
146592000,0.6964922753689162,-0.3846544542725043,8.787178571962368,1.9855475692245683,76.42152471392019,-160.22196026885103
146596000,0.6965013484353195,-0.38497970366457196,8.795098682261271,1.9837439639697703,76.28896327221089,-160.19408127841496
146600000,0.6964824238165614,-0.38451225900216723,8.783474930234123,1.9863921109559202,76.48009846460175,-160.23173679420756
146604000,0.6965445829315268,-0.3844087163613809,8.783684673107814,1.986344263996712,76.51606139298815,-160.26695858325124
146608000,0.6962389707870305,-0.38463602960886856,8.776144821288902,1.9880657253962195,76.45347803445769,-160.12114472823023
146612000,0.696172393664593,-0.3850207626364799,8.782258275848774,1.9866697022312851,76.30422992100954,-160.05705180955854
146616000,0.6966448634498484,-0.3849016891588727,8.799316127100575,1.982784889454849,76.30658591184275,-160.25974975149717
146620000,0.6963133579234058,-0.3845150078573324,8.776460354015388,1.9879936244562457,76.49532307220038,-160.16295551371456
146624000,0.6962150013342848,-0.3850047643552221,8.783672022932286,1.9863471497141718,76.30657934924686,-160.0758267605632
146628000,0.6962760170060572,-0.3849606798951615,8.785206863300424,1.9859970883144578,76.31850566681054,-160.10476797219528
146632000,0.6969349717849779,-0.38506131222610784,8.815240239871162,1.9791720241988573,76.21365931544628,-160.36161467757134
146636000,0.6965812173057595,-0.38462378441225015,8.79019844779408,1.9848594803153978,76.42532865704058,-160.26096974568236
146640000,0.6963007183220389,-0.3849842008763683,8.78678690760486,1.9856368463749754,76.30660096235542,-160.11248221675143
146644000,0.6963512269196332,-0.38471837252763114,8.782747497491338,1.9865580722918157,76.4092907514507,-160.15864683701133
146648000,0.6965281912564836,-0.38507312853901016,8.798395015903225,1.9829942766558541,76.24855925971366,-160.19586098940795
146652000,0.6961337563442077,-0.3847437794337885,8.774234781265877,1.988502292067467,76.42000385911994,-160.06815859378125
146656000,0.6959140707873795,-0.3851038628910512,8.773375935686701,1.9886986561440978,76.2955685174393,-159.94462955923163
146660000,0.6963553444830294,-0.3850302049895616,8.790143541687833,1.9848719865819549,76.2827021807608,-160.1301186234005
146664000,0.6966214410000734,-0.3854584790451148,8.81128219652236,1.9800687902687633,76.08370350986856,-160.196003130534
146668000,0.696374497949217,-0.38491588016387046,8.788296429926968,1.9852928056627783,76.32709348536174,-160.14894680792895
146672000,0.6962811846779904,-0.38519042957809185,8.790749778842951,1.984733909376413,76.22511529610209,-160.08460434991804
146676000,0.6963187793434222,-0.38510216501936384,8.790278916439357,1.9848411518143543,76.25714872435067,-160.10835710484722
146680000,0.6968781693306151,-0.3856052897567628,8.825535671534999,1.9768432248434518,75.99926558495754,-160.2853321640816
146684000,0.6964135461548366,-0.3851404835431432,8.795144457014612,1.9837335494897237,76.23246179466283,-160.14295354309118
146688000,0.6965890492773678,-0.3853833868010622,8.808169292533549,1.980774648354251,76.11720301409088,-160.19024598713008
146692000,0.6963358893834355,-0.38530464119546054,8.795696596340862,1.9836079377153868,76.1736585655643,-160.0956271823299
146696000,0.6963935143842501,-0.3856762036090925,8.80676174583336,1.9810939787459017,76.01804108189474,-160.0827451763716
146700000,0.6962436672645954,-0.38535412093911453,8.792975475394332,1.9842271478174733,76.1626229932363,-160.05357399834338
146704000,0.6952749859880136,-0.38442489568112576,8.731154829109906,1.9984002340835842,76.63116002332242,-159.75114691447953
146708000,0.6961597293784617,-0.38555886061094874,8.794209715728952,1.983946239688981,76.0881187937501,-159.99982924992207
146712000,0.696529486616862,-0.38580258215478525,8.81543350098665,1.9791282582979628,75.95378579316898,-160.1252630756426
146716000,0.6964971168502389,-0.3850215926437291,8.795893231048515,1.9835632071497602,76.27242685630858,-160.18829999454977
146720000,0.6963584769766603,-0.38532174639326966,8.797042335025695,1.9833018488903729,76.16455423547795,-160.10309093070248
146724000,0.696022404673894,-0.38537941172732126,8.784288135598132,1.986206613851291,76.17383878544057,-159.96178834938954
146728000,0.6962523362675614,-0.3856271589540888,8.799685493830994,1.9827009374025812,76.0515697270261,-160.03055996623007
146732000,0.6962952546863749,-0.3857718056241352,8.80485648301035,1.9815263908474097,75.98905144644905,-160.03379800726557
146736000,0.6964078382365314,-0.3853017688644464,8.798651203465049,1.982936035584071,76.16782832650311,-160.12497538016822
146740000,0.6960104411460887,-0.3855490090112363,8.787721369779561,1.985423855588682,76.1065592012679,-159.94055556767046
146744000,0.6962148705570769,-0.3855201744154521,8.79562465965063,1.9836243024173354,76.09837863322328,-160.02583475146614
146748000,0.6963588784173511,-0.3858955085879239,8.810416561069548,1.9802650243640185,75.93297590484637,-160.04739256492212
146752000,0.6963367902439533,-0.3853962908547996,8.797863989757573,1.9831150098217984,76.13655129760078,-160.08708809462058
146756000,0.6961141406586786,-0.38583438178516954,8.798703582504501,1.9829241282807208,75.98143952525481,-159.95469792833126
146760000,0.696014315885084,-0.3855108441451206,8.786997989948988,1.9855887306294742,76.1215807761362,-159.9458119598321
146764000,0.6963840480165884,-0.3859747279200298,8.813324757362516,1.9796059093985485,75.89858957727014,-160.04980482796668
146768000,0.6962994798264146,-0.385502235886584,8.798760055988643,1.9829112903500152,76.09740066718315,-160.06172748371043
146772000,0.6961824428415136,-0.3858130524295341,8.80107576670783,1.9823850112220376,75.98339861810211,-159.98430120660012
146776000,0.6960672812209763,-0.3856709471604479,8.792936209949808,1.9842360857857617,76.05187341906839,-159.95166827769705
146780000,0.6960459830061971,-0.386106589806116,8.80218029800227,1.982134089145894,75.87841975956692,-159.90078981104605
146784000,0.6961848479244381,-0.3855241839122302,8.794457887461792,1.9838897664478456,76.09967432277145,-160.01332949580333
146788000,0.6963140527873293,-0.3857410377641071,8.804930171601276,1.9815096632060065,75.99962897384955,-160.04437506694518
146792000,0.6962697765892333,-0.3860579977465101,8.81045731050824,1.9802557858472154,75.87619290106457,-159.995638397887
146796000,0.6960110291761016,-0.3861856712144861,8.802555009049685,1.9820489785949056,75.84998897185575,-159.87903222839864
146800000,0.696012956673713,-0.38570914943383733,8.791545780899872,1.9845526404151732,76.04173591305579,-159.92606204603038
146804000,0.6960060932785361,-0.38583899529528604,8.794276266029689,1.9839310953783365,75.99006749309868,-159.91070868161637
146808000,0.696227681090006,-0.3861305617014239,8.810379191168177,1.9802734967644728,75.85107538924832,-159.9716083583544
146812000,0.6963179668562327,-0.38588998969880384,8.80856617046551,1.9806846272665783,75.939190529064,-160.03143957129961
146816000,0.696028779919494,-0.3858866453247249,8.79633651953731,1.98346237508565,75.96866768432369,-159.9152267634239
146820000,0.6960606304596422,-0.3860454334350275,8.801370641350275,1.9823180167842898,75.90161811555727,-159.91263260529297
146824000,0.6960987517089468,-0.3863720796866419,8.810592608775316,1.980225112295574,75.76645522666526,-159.8961739512346
146828000,0.6963203814024007,-0.3859990038236975,8.811210661179347,1.9800850053990835,75.89502214556106,-160.02178005545304
146832000,0.6961310550591852,-0.38612023057225525,8.806073690637255,1.981250115593627,75.86465084025178,-159.9337109384446
146836000,0.6958825968319716,-0.38605696203841605,8.794166402611538,1.9839560962275664,75.91425956486634,-159.8398382287621
146840000,0.6961832516163565,-0.3865870855539243,8.819177686842247,1.978280733681036,75.67176053099531,-159.909155431945
146844000,0.6960617404978058,-0.38625215866054935,8.806236718768103,1.9812131182189732,75.8183017387021,-159.89296880614395
146848000,0.696077381809499,-0.38617526944638036,8.805100820538131,1.9814709262192063,75.84772047687031,-159.90674749289556
146852000,0.6960299050322254,-0.3860965115175633,8.801270071674564,1.982340865334887,75.88403989626431,-159.8952971503269
146856000,0.6960614504130705,-0.3865287019489033,8.812682154216816,1.9797515113454802,75.70712160559376,-159.86590251871306
146860000,0.6960215779276959,-0.38625264082723837,8.80455975229846,1.9815937529238716,75.8220165514772,-159.87676308042953
146864000,0.6962003671469256,-0.3860726088799653,8.807877835828686,1.9808407627049887,75.8770748712871,-159.96625880466314
146868000,0.6958093668340964,-0.38608201097223216,8.791678627033303,1.9845223913688437,75.91127366674263,-159.8079376586798
146872000,0.6957537520608656,-0.3863395674620646,8.795341143211072,1.9836888015203367,75.81306927470426,-159.760611984237
146876000,0.6960675496570645,-0.3864266649595706,8.810554678227064,1.9802337114567472,75.74754629208792,-159.87830481961637
146880000,0.6960523139907709,-0.38607231053216595,8.801647487038778,1.9822551225978398,75.89160473197352,-159.90667128816168
146884000,0.6958190536312101,-0.3859917635760495,8.78998612239535,1.9849078437196495,75.94666076098203,-159.82057483872006
146888000,0.695773649861564,-0.3863241426800245,8.79581649836351,1.983580662099817,75.81734112616863,-159.77010677322772
146892000,0.6960697974395451,-0.38644658127509224,8.81111449837901,1.9801068033291467,75.73931935914202,-159.87726684889796
146896000,0.696138435963439,-0.3861884775404786,8.80797606536632,1.9808184797163726,75.8364591143832,-159.93003497678677
146900000,0.6959466442362823,-0.3860938308418594,8.797711751131114,1.983149625250187,75.89320629407592,-159.8620418872036
146904000,0.695922550155392,-0.38629802126579094,8.801457515216073,1.9822982802277345,75.81339110757756,-159.83251654613966
146908000,0.6959587435759303,-0.38668039487645484,8.811905796252004,1.9799274483477425,75.65619161252675,-159.80984410757998
146912000,0.6959212257766685,-0.3863202783898253,8.801920797292244,1.9821930355281032,75.8045687996842,-159.8298209585352
146916000,0.6959035850110206,-0.3863518962363594,8.801917096870968,1.9821938761156097,75.7935691807446,-159.81965452990175
146920000,0.695905827687571,-0.386455214603268,8.80442131116672,1.9816251825962565,75.75181639095028,-159.8105113970616
146924000,0.6960214794957827,-0.38693114706674087,8.820416385993287,1.9780005052777736,75.54940154841505,-159.8105480416572
146928000,0.6960617489531907,-0.3863395539289242,8.80827656692352,1.9807503152328054,75.78314334430594,-159.88446114975184
146932000,0.6959579106993337,-0.3864310930950191,8.806047263557122,1.981256113048726,75.75644524907362,-159.8337937787515
146936000,0.6958605639731188,-0.38646853411442195,8.80283046881419,1.981986416313227,75.75086417585607,-159.79102472383585
146940000,0.6960189824942727,-0.38688638703287676,8.81926262095416,1.9782615166622666,75.56760853516813,-159.8139212545221
146944000,0.6961441056415942,-0.38694793384496906,8.825981060019624,1.9767426033466857,75.53066374077716,-159.858116530026
146948000,0.696111038624642,-0.38657026418747253,8.815741723370122,1.9790584622973852,75.6855774327389,-159.88177606989808
146952000,0.6958382665603062,-0.3866530926883818,8.806201404342904,1.9812211323071987,75.67889010881895,-159.76411955796831
146956000,0.6967309302782184,-0.38737422953803186,8.860863806443477,1.9688937722220266,75.30178655046878,-160.05154455499223
146960000,0.6959697768172968,-0.38701285778943184,8.82015207728605,1.9780602926103041,75.52167331619852,-159.78181707093248
146964000,0.6960560328443646,-0.3866414264258113,8.815089739139621,1.9792061079321444,75.66235334705684,-159.85272549019413
146968000,0.6956951305174431,-0.3866799530312746,8.800816157837964,1.9824439971702374,75.68201740116575,-159.7040384802135
146972000,0.69543680616398,-0.3868039314279111,8.79287273753993,1.9842505341412822,75.6573126845361,-159.58836636449962
146976000,0.6960165289317183,-0.3870645247814129,8.823334013313898,1.977340771320923,75.49637745719443,-159.79551628761638
146980000,0.696218838504848,-0.3868863271423412,8.82769003029696,1.976356610799286,75.5480695893508,-159.89415302834757
146984000,0.6954895389154995,-0.38669760222045213,8.792604650472072,1.9843115616845985,75.69486460128738,-159.61981266467643
146988000,0.6959020723564291,-0.3870914951328392,8.819142131448027,1.9782887784832863,75.49675289525348,-159.74698048412418
146992000,0.6959872413232913,-0.38725672651968124,8.826608217308983,1.9766009343554454,75.42218743653585,-159.76495838867532
146996000,0.6961712183516825,-0.3867066287110865,8.821469167852491,1.9777623992399775,75.62490197876663,-159.89262789001003
147000000,0.6959972085710292,-0.3867006178345934,8.813997569684211,1.9794534856610908,75.64431804349604,-159.8233199979619
147004000,0.6959229270934664,-0.38686918902850836,8.814814384714904,1.9792684701943972,75.5838907141164,-159.77705090100235
147008000,0.6960416177779021,-0.3872311131207303,8.828301443538338,1.9762185521553477,75.42712581322614,-159.7892619019816
147012000,0.6962641403539478,-0.3869002839489141,8.829930213982108,1.9758508662221965,75.53802292528732,-159.91097255615156
147016000,0.6958831220247862,-0.3869130144134019,8.814164447324506,1.9794156836500147,75.57018862357893,-159.75680312214752
147020000,0.6957269822631709,-0.387019719876811,8.810092173551162,1.9803385710302406,75.54260903354916,-159.68377919987736
147024000,0.6957536611257014,-0.3874330124041765,8.820897299301116,1.9778917307186328,75.37442656683459,-159.65415374580297
147028000,0.6959166589642097,-0.3869262162509785,8.815885290126333,1.9790259537395167,75.56161951481221,-159.7689705056652
147032000,0.6959335790162778,-0.3868981260259352,8.815940145212675,1.9790135329038265,75.57123904023798,-159.77850138875965
147036000,0.6958300552374931,-0.386966779865105,8.813189340236498,1.9796365906173454,75.5537955502642,-159.73027184478178
147040000,0.6959627446608062,-0.38728983615876034,8.826352012569062,1.9766588061563184,75.41131854268383,-159.7518993409649
147044000,0.6959873438747223,-0.3871915823491431,8.825083617039828,1.9769453628359515,75.44828790556176,-159.77137832422846
147048000,0.6960211194147495,-0.3870803164377014,8.823897927808062,1.9772133099282574,75.48959474905303,-159.7958119708244
147052000,0.6986290347025557,-0.388692772355937,8.973953227426628,1.943872867387072,74.58157507773667,-160.6789086455019
147056000,0.6958795227953636,-0.38748325475932616,8.827383301542197,1.9764258782191304,75.34200091053178,-159.6996260076855
147060000,0.6960935868638743,-0.3874121913269879,8.834751425643061,1.9747633092101944,75.34946591274709,-159.79232149067252
147064000,0.6941074823711456,-0.38724013536752033,8.747577212971445,1.9946154176288278,75.61023435308934,-159.01442941946615
147068000,0.6958133883952646,-0.3872869944992669,8.81998875509183,1.9780972383395317,75.42706584380531,-159.69233853931001
147072000,0.6957364783857418,-0.38734841546054766,8.818189409059155,1.9785043669629665,75.40997643691041,-159.6555360894287
147076000,0.6960068091945036,-0.38752272642627406,8.833684740372247,1.9750038258404756,75.31371852933073,-159.74671582092202
147080000,0.6960868462993747,-0.38718631286565813,8.829158607413133,1.9760250350138195,75.44065215187118,-159.81178504037436
147084000,0.6958926459640233,-0.3872004440114275,8.821298883978017,1.977800908176313,75.45399997555899,-159.73255447087746
147088000,0.6959173041860928,-0.3873920393050465,8.82683475622907,1.9765497663366522,75.37482580458645,-159.72368738692433
147092000,0.6959388701804382,-0.3876821314584488,8.834565011870929,1.974805337621159,75.25658954323642,-159.70387810554615
147096000,0.696140474122649,-0.38726802915927394,8.833343164808474,1.975080856876155,75.40263095085007,-159.82526662443973
147100000,0.6956342589963158,-0.38732975202306125,8.813449525654686,1.9795776417126176,75.42742004720506,-159.616425106097
147104000,0.6958548121511476,-0.38742183307704126,8.82489854227312,1.9769871820144682,75.36901191531564,-159.69574514993363
147108000,0.6960735473508087,-0.3878366225100977,8.843899458470531,1.9727030203358202,75.18155086086152,-159.74256094941376
147112000,0.6965642469404547,-0.3877103139218044,8.861725472043814,1.968700684326078,75.18361677197308,-159.9514192614085
147116000,0.6959749619563264,-0.38750055942955675,8.831818353731657,1.975424801036797,75.32571858499509,-159.73614007284667
147120000,0.6960239714968437,-0.3875941199317624,8.836089647304798,1.9744616496342327,75.28345302975981,-159.7465759329698
147124000,0.6959424807232284,-0.3878568775936554,8.838832568505445,1.9738436343475685,75.18634564059484,-159.68815786240785
147128000,0.6960369111802848,-0.3875305262191065,8.835140045867682,1.97467569758424,75.3076402707642,-159.75800207177684
147132000,0.6961452626892075,-0.38751524167536205,8.839360979916052,1.9737246211202502,75.30311144523252,-159.80289115818053
147136000,0.69606366171933,-0.3874901608908987,8.835320829187356,1.97463494394975,75.32117603314228,-159.77267785359558
147140000,0.6961163171598252,-0.3878501064351876,8.846028127104413,1.9722242278751114,75.17194483989628,-159.75833804273927
147144000,0.6960618596804113,-0.3875900920038073,8.837596370574287,1.974122117475929,75.28134255392031,-159.76213790008816
147148000,0.696270234169917,-0.3875613508257646,8.845736390508218,1.9722898331545755,75.27233925587612,-159.848399745818
147152000,0.6960321122499571,-0.3875130554980839,8.834526263875592,1.9748140738786653,75.31510660435218,-159.75779619277816
147156000,0.6959607842627957,-0.38788058349947024,8.840165174632155,1.9735435213334516,75.17506852827388,-159.6931451839414
147160000,0.6958729308852221,-0.3878466015328929,8.835651003251575,1.9745605178084302,75.19728591115955,-159.66136129585874
147164000,0.6962334313481443,-0.38764050091272173,8.846043844975705,1.9722206933886997,75.24427421149186,-159.8258603876697
147168000,0.6957874831797981,-0.38769277878558045,8.828424047613126,1.976190870179306,75.26717383229499,-159.64227646281293
147172000,0.6959757460413294,-0.38791714481474104,8.841659883505217,1.9732070105870825,75.15898087140452,-159.69553045645546
147176000,0.6959857943623303,-0.3880963043441894,8.846312058610856,1.9721603820010776,75.08639704357022,-159.6819080033291
147180000,0.6962817289032075,-0.38765237293206534,8.848369765095933,1.9716978026510028,75.23475797618755,-159.84402560875338
147184000,0.6961360154879833,-0.3878865274988006,8.847721777247221,1.9718434489923122,75.15543741876115,-159.76262568898454
147188000,0.6959759777931782,-0.3879766793918512,8.843073675224504,1.9728888231386223,75.1351620167016,-159.68976491395102
147192000,0.6959731664671864,-0.38822678527569887,8.848858955041752,1.9715878631648862,75.03553045657411,-159.664005542979
147196000,0.6961864966374373,-0.3877401971174875,8.846407295305939,1.9721389676602608,75.20899731494161,-159.79724654253403
147200000,0.6962057460093182,-0.3878577094156533,8.849995854012807,1.9713324065122628,75.16008458955751,-159.793357120784
147204000,0.6958666285320766,-0.3878719055136578,8.835980626678209,1.9744862214092505,75.18778909351168,-159.65635756569228
147208000,0.6959573120448597,-0.38816564126596076,8.846743301693746,1.9720634190493527,75.06150866942299,-159.66370063639732
147212000,0.6959930546597813,-0.3880779789258898,8.846186822951289,1.9721885424364896,75.09300273784747,-159.6866138237279
147216000,0.6962894757999661,-0.38789982779809795,8.854540680557358,1.970311865910388,75.13496785042247,-159.82268842527648
147220000,0.6960846477991115,-0.38811199665616697,8.850869883367041,1.9711360608086554,75.07038120540051,-159.71985298093813
147224000,0.6963878562263421,-0.3884443641410908,8.871616688835815,1.9664869142130255,74.90761748907116,-159.80803484623507
147228000,0.6962319951689205,-0.38832758798066097,8.862221678074507,1.9685895083561842,74.96970436638485,-159.75739082277875
147232000,0.6962773848261757,-0.3881110241623649,8.859021682211742,1.9693066955770857,75.05172260489283,-159.79696508828073
147236000,0.6960710015438444,-0.38857451763368306,8.861236212489755,1.9688103162718982,74.88710634975259,-159.6686968174317
147240000,0.6964738802167131,-0.38836395668058077,8.873369377608297,1.9660951633240054,74.93117419103623,-159.85037846569304
147244000,0.6961346662050382,-0.38872915188681845,8.867608352641353,1.9673834239561436,74.81914379827883,-159.678760660089
147248000,0.6962421013374324,-0.3881298173712237,8.857968711456975,1.969542803517161,75.04770358235362,-159.78100509585465
147252000,0.6961395382229342,-0.388506721416815,8.862539589722287,1.9685182862327233,74.9073640429656,-159.70274711407612
147256000,0.6962879550545954,-0.38825136980597397,8.862793174905711,1.9684614789539223,74.99460015274335,-159.78729041311567
147260000,0.6962921611038312,-0.3887227625703291,8.874155814335806,1.9659194344631057,74.8060530142451,-159.74218475731385
147264000,0.6964516060947894,-0.388384374341039,8.872905875259542,1.9661987474505,74.92523452118601,-159.83945236774827
147268000,0.6963544906227044,-0.3886724592007169,8.875613911922398,1.9655937068001177,74.8199156774898,-159.77204366725803
147272000,0.6961140268778115,-0.3883143693152222,8.856901124667216,1.9697822468696782,74.98665576339496,-159.71159809362632
147276000,0.6954929435785705,-0.3885529860089962,8.836250159164349,1.9744254735494182,74.9526436301071,-159.4403865800837
147280000,0.6963591851096199,-0.38813739963667765,8.863119983606172,1.9683882732511517,75.03307951181412,-159.82704554327358
147284000,0.6963683476787379,-0.38861567244058043,8.874854492922601,1.9657633415721731,74.84118980982304,-159.78321942171638
147288000,0.6962274317086649,-0.3884450152494848,8.86481061082723,1.9680096571839558,74.92327890946673,-159.74393360780502
147292000,0.6963980075655013,-0.38904242571692055,8.886273890543373,1.963215639573142,74.6681159889573,-159.75252950412158
147296000,0.6961727260488252,-0.3885817755555931,8.865729021335785,1.9678040404034327,74.8741354943383,-159.70854973065218
147300000,0.6967484702556368,-0.38882858231017087,8.896142815909768,1.9610191889501656,74.71831440547189,-159.91360511610145
147304000,0.6962316913691456,-0.3885522184475463,8.8675340880974,1.967400041807441,74.88007872985276,-159.73500280226403
147308000,0.6962689132936913,-0.3888700888634873,8.876668450429184,1.9653581986370616,74.74963823362972,-159.71826733859268
147312000,0.6962120290909293,-0.3886135848377524,8.868154286145872,1.9672612714635693,74.85755027497564,-159.7210714473665
147316000,0.6962770124074424,-0.38852223207929615,8.86874956749966,1.9671280947612855,74.88754601319302,-159.75606100991916
147320000,0.6958591964077244,-0.38889896786487904,8.859938252133313,1.9691012191124475,74.77876753926898,-159.55219863404687
147324000,0.6959632926404827,-0.38870453751975875,8.859745984326098,1.9691443181024384,74.84592678846036,-159.6128923214214
147328000,0.6961183566770354,-0.38887816968737615,8.870453599667687,1.9667469677506342,74.7613782446866,-159.65747680225763
147332000,0.6968420801565298,-0.3885661529152968,8.893886174823667,1.9615209967810332,74.81367795306812,-159.97725112533325
147336000,0.6961581472917624,-0.38916680171666634,8.879011927918116,1.964835036946415,74.64249757463702,-159.6446365329306
147340000,0.6964820573379245,-0.3889801944884781,8.888377244026044,1.9627470981725856,74.68451798791344,-159.79222721155043
147344000,0.6964133994547741,-0.3892776652543184,8.892542377757843,1.9618199386087263,74.57291870934333,-159.73516242810922
147348000,0.6965433459705778,-0.3886823511084052,8.883897670532093,1.9637452348398408,74.79715626599882,-159.84639474871568
147352000,0.6962892385469518,-0.3891050259477209,8.88312681240506,1.9639170999449864,74.65403334895072,-159.7029708419794
147356000,0.6965494683756949,-0.3888804395666747,8.888877057366734,1.9626357931621599,74.71754365785105,-159.82905991210458
147360000,0.6963940392543237,-0.38949295433723263,8.89685849630525,1.9608600974084165,74.4892125210772,-159.70592622378382
147364000,0.6965031954382719,-0.388627429612829,8.880878801620007,1.9644184731753958,74.82307336947004,-159.83585141860806
147368000,0.6965191661842248,-0.3894053696552166,8.900114619091875,1.9601366076126416,74.51151715877667,-159.7644660320719
147372000,0.6968866674091279,-0.3891061207516094,8.908691524606036,1.9582334373300112,74.593783184424,-159.94084862672332
147376000,0.6964678098060616,-0.38949353930830566,8.900026691731984,1.9601561374697731,74.48159248802699,-159.73520306336218
147380000,0.6966363142373537,-0.3887483038214888,8.88943605354706,1.9625113235556308,74.7615608392663,-159.87689837185596
147384000,0.6962899657658229,-0.38915870647165074,8.884436960370662,1.9636250165294766,74.63259000593625,-159.69790933388833
147388000,0.696472114058542,-0.3889993967704218,8.888410597230399,1.9627396702474424,74.67785981176917,-159.78634749480528
147392000,0.6965847869625836,-0.3894714791132128,8.904504482989188,1.959162055989733,74.47863640104805,-159.78394145692843
147396000,0.6967048081114745,-0.38890999436372425,8.896218796106051,1.9610022977694568,74.69022045493857,-159.8880372365584
147400000,0.6967200299857652,-0.3893363628635966,8.907061960509996,1.958594743407672,74.51882405458296,-159.8513283392504
147404000,0.6964232452947315,-0.38913770351431715,8.889622731629524,1.9624697601706533,74.62765124234512,-159.7530682015284
147408000,0.6965654566175907,-0.38944831792954177,8.903122695983818,1.9594687083156845,74.4897895879314,-159.77857568220784
147412000,0.6967530389627538,-0.389324764374342,8.908198549541911,1.9583427253731645,74.52012424616419,-159.86563514497104
147416000,0.6966731399846839,-0.3892400004621574,8.90274833044003,1.9595518057822758,74.56189860605163,-159.84233466346694
147420000,0.6964350999768292,-0.38940851768998114,8.89659527797877,1.9609186062800767,74.51868427522881,-159.73070755091425
147424000,0.6965863296335579,-0.3896886887532795,8.90977376740381,1.9579935570022644,74.39211259130927,-159.76273972235276
147428000,0.6965297839344872,-0.3897611778875926,8.90908871911474,1.9581453918665335,74.36898829232251,-159.73298466640722
147432000,0.6969622535373973,-0.38975098446408296,8.927408123057344,1.9540931812620124,74.32944899817193,-159.90590515724597
147436000,0.6960019669087117,-0.39013830894271195,8.895545746921561,1.961151933711232,74.27220688717608,-159.48573137307943
147440000,0.6966334266154569,-0.3896046466747315,8.909777551146686,1.957992718434951,74.42078906694124,-159.78991034707974
147444000,0.6968692104421507,-0.38996177116716646,8.928477841928828,1.9538570822501828,74.25508480410898,-159.8476123702694
147448000,0.6963418492015983,-0.38991898203699327,8.904823624779116,1.9590912443237305,74.32518372897161,-159.64250903097417
147452000,0.6963822847891507,-0.38988957596718876,8.905849683971084,1.9588636155758303,74.3328014498351,-159.6615111948404
147456000,0.6972410420409224,-0.388799257168598,8.916549151821998,1.9564931257502187,74.68049245864107,-160.11312490343172
147460000,0.6965577802050362,-0.3902197955719323,8.921302777324534,1.955441797420269,74.18410964909876,-159.697941549787
147464000,0.6967527657790615,-0.38959095148445577,8.91456605980763,1.9569320489312685,74.41422869141178,-159.83874629101243
147468000,0.697011466196742,-0.3901471578694244,8.939069946517147,1.9515223739339569,74.16705069520883,-159.88533071426602
147472000,0.6966194193374996,-0.3897858163855996,8.913521693361766,1.9571632809250459,74.35018624018988,-159.76612199597167
147476000,0.696597998797146,-0.3903864101135864,8.927041226775339,1.9541741726040527,74.11398449210866,-159.6970773385652
147480000,0.6967912453224314,-0.3897188197105431,8.919286442062697,1.9558875985321877,74.35950571701608,-159.84116236801887
147484000,0.6967154873794013,-0.39009358474843564,8.92504092968716,1.954615851271657,74.21827656357982,-159.77325178017782
147488000,0.6965616817813934,-0.38987655290854994,8.913223298484564,1.9572293582771594,74.319949994794,-159.73405681353228
147492000,0.6967328471557765,-0.3904096569589741,8.933401588025882,1.9527710943363892,74.09113552032412,-159.74818636235332
147496000,0.6968238312463425,-0.3898329582464503,8.923428515834665,1.9549720287609265,74.31085002153705,-159.84259780458746
147500000,0.6968032643238714,-0.3904403127448496,8.937173094871683,1.9519400654242656,74.07185021458481,-159.77299983981533
147504000,0.6966835865504946,-0.3901149852666249,8.924185028055934,1.9548049011996869,74.21300309945676,-159.75842956528544
147508000,0.6966751584972652,-0.3906352892146162,8.936362718674227,1.952118567040708,74.00756313608355,-159.7024828249256
147512000,0.6966954129923273,-0.3903457168181879,8.930249420112034,1.9534662009625885,74.12027477715505,-159.73981174354412
147516000,0.6968467892619041,-0.3904364987717039,8.938956123236775,1.9515474330429596,74.06895037228695,-159.7906433901696
147520000,0.6967128293327685,-0.39043576779349265,8.933169779551648,1.9528221951236835,74.08280998155936,-159.73760801863864
147524000,0.6966754200851284,-0.39063887255004276,8.93646049822062,1.9520970273945997,74.00611734400427,-159.70222354602893
147528000,0.6965843023754704,-0.39072529930199124,8.93462451030266,1.952501552908725,73.98111764985947,-159.65739307754393
147532000,0.6969037640494755,-0.3905300980214152,8.943673140674475,1.950509485049758,74.02606162110693,-159.8037331285346
147536000,0.6965301416779995,-0.39088828448098295,8.936229329349857,1.9521479518580338,73.92209775710562,-159.61946425058838
147540000,0.6966532850790419,-0.39076232807696665,8.938488965622682,1.9516502883119102,73.95947360467397,-159.68095288448794
147544000,0.6964901922173019,-0.3910096073807716,8.937441189978944,1.9518810193142209,73.87815817370796,-159.59138304101916
147548000,0.6967374321711898,-0.3906053400021284,8.938321546237317,1.951687152109948,74.01311811820568,-159.73018534430537
147552000,0.6963637754834683,-0.3909822034225969,8.931339662707146,1.9532257277230167,73.90177778217904,-159.54417218297277
147556000,0.6967361196991978,-0.39081334661748873,8.943291894637914,1.9505933344927011,73.93087756248303,-159.70857116711542
147560000,0.6964785587868462,-0.391397065072886,8.946317245012596,1.949928152440701,73.72625236493482,-159.54751616408723
147564000,0.6970197542014482,-0.3907271065952602,8.953446937760617,1.948362351439964,73.9361937921737,-159.82966240988162
147568000,0.6964177048072139,-0.3911697456770629,8.938191972336835,1.9517156837331737,73.82220123357496,-159.54652077109193
147572000,0.696777834881498,-0.3907626412711744,8.943864345083124,1.950467435185692,73.94671837933251,-159.73023288674835
147576000,0.6967902734074483,-0.39125806940449787,8.95640324514887,1.9477138367579183,73.74946751649148,-159.68477757773374
147580000,0.6969208091450081,-0.39072092049914586,8.949023746314365,1.9493334615193891,73.94871464495982,-159.79109533763955
147584000,0.6965878331733352,-0.3910818388161419,8.943394667838277,1.9505707303303095,73.83970534407122,-159.6226683687236
147588000,0.6967093385081238,-0.3908993250062449,8.94421685733119,1.9503899151132282,73.89956677844492,-159.689245900364
147592000,0.696448684972353,-0.39121371903845376,8.940589940447364,1.9511877969942102,73.8016906787425,-159.5543074134531
147596000,0.6969525216969256,-0.3909156843870214,8.955111051221401,1.9479972474227,73.86836399223107,-159.78382844518276
147600000,0.6968717982414195,-0.391239925288147,8.959487309829955,1.947037758281612,73.74833103506724,-159.71885000410433
147604000,0.696657077192207,-0.39127129553466755,8.95097090932256,1.9489058428365527,73.75779459469929,-159.63079730151946
147608000,0.6963871624547587,-0.3912666220375242,8.93922023183961,1.9514892884035802,73.78702478061713,-159.52464800099327
147612000,0.6969069128061394,-0.39124090777523785,8.961029985545903,1.9466997548157485,73.7443612600412,-159.73263092100686
147616000,0.6965358502915241,-0.3913383007552209,8.947364033087473,1.9496981018215025,73.74364160257689,-159.5761030768734
147620000,0.6968566136847107,-0.39140860024106,8.96292789994654,1.9462840794528147,73.68322535667288,-159.69564336727632
147624000,0.6964337452380966,-0.3916887492538963,8.951458219171643,1.9487988536394232,73.61571277898223,-159.5002183773849
147628000,0.6970557843920612,-0.39147301684018226,8.973122402297891,1.9440543577755454,73.63741771167024,-159.76774076635968
147632000,0.6966302969209482,-0.3915269235481377,8.956016862279496,1.947798571570848,73.65956895515873,-159.5942182390108
147636000,0.6965193480129294,-0.39144986882855937,8.949356704645602,1.949260326805852,73.7012656827039,-159.5582581899956
147640000,0.6965055979004948,-0.3919563233661411,8.96106457046825,1.946692178537731,73.5029368021972,-159.50131764881414
147644000,0.6969398803586466,-0.3915686208432278,8.970426150055244,1.9446435776672604,73.61151983859543,-159.71217988303553
147648000,0.6965996018099635,-0.3919246237463738,8.964358864137148,1.9459707919344034,73.50584493456266,-159.5415895800431
147652000,0.6968193784798216,-0.3915918009812809,8.965771093859667,1.9456617053217982,73.61468364101873,-159.66223814702505
147656000,0.6968753093409922,-0.39219576214966567,8.982922824313066,1.9419156597611522,73.37082106384409,-159.6224744641286
147660000,0.6970124522972709,-0.3916058552920402,8.974479132356059,1.943758003168443,73.58939051601597,-159.73702333645596
147664000,0.6968089076200324,-0.39211047959531914,8.97795765450358,1.942998593525209,73.4112206822533,-159.60506144592588
147668000,0.696849552932806,-0.3917112876698739,8.969986285013963,1.9447397366921981,73.56444495144822,-159.66193786089556
147672000,0.696754138691746,-0.392295883017568,8.98010935294926,1.9425291461168912,73.34382311275603,-159.56449922854821
147676000,0.6969473736930243,-0.39188044174598574,8.978351157586964,1.9429127238569195,73.4877044159688,-159.68320996403017
147680000,0.696897626018936,-0.39221061019797354,8.984254968050081,1.941625317310904,73.36268319858891,-159.62974033321365
147684000,0.6967506966354668,-0.39179941189721984,8.967850452595211,1.9452067874330488,73.53978467223952,-159.61393626783718
147688000,0.6966420604065586,-0.39231628121010614,8.975746105159113,1.94348133642058,73.34727097537898,-159.51829944299294
147692000,0.6966883983548134,-0.39206719547948066,8.971676930896258,1.9443701962776858,73.4406034584421,-159.5620178843697
147696000,0.6969197414144176,-0.392296805085923,8.98732373963605,1.9409568062010696,73.3264698400736,-159.6295988612694
147700000,0.6969128027575533,-0.392212924348793,8.984970810739485,1.9414693344791842,73.36021394995943,-159.63548015821755
147704000,0.6968524091255549,-0.39242026570226984,8.987418398349435,1.940936192790519,73.28478948708417,-159.59041504508386
147708000,0.6966113477506612,-0.39254171115785896,8.979921735699044,1.9425700704974114,73.26174354645342,-159.48314273884137
147712000,0.6970183527373759,-0.3922967541737407,8.99161014440332,1.940023815341143,73.31635300085293,-159.6684335696579
147716000,0.6967928267801733,-0.39248682486486025,8.986458287493594,1.9411452922853893,73.26472065766941,-159.56013940906018
147720000,0.6969147533753433,-0.3925642317915838,8.99365507307319,1.9395790277103944,73.22174284193831,-159.60014338365485
147724000,0.6966502668769012,-0.3928389021029401,8.988885735941519,1.9406167133758514,73.14097102506346,-159.46796248456096
147728000,0.697009439377412,-0.3925662388731959,8.997825741357826,1.938672509940739,73.21120465222897,-159.63718175897282
147732000,0.696491929912185,-0.39269474748870076,8.978483494407884,1.942883847221641,73.21382397395836,-159.4205435083531
147736000,0.6970028878780206,-0.3926864016718393,9.000488638649976,1.9380941594590138,73.16462116880537,-159.62222069160447
147740000,0.6963337165859057,-0.3933554384634275,8.987798846571012,1.9408533486935373,72.97083394854107,-159.29080358282746
147744000,0.6969331953156861,-0.39284528938647595,9.00135328916806,1.9379064418844192,73.10935469389895,-159.57844713901855
147748000,0.696016487686613,-0.39320708901016943,8.970413227084096,1.9446464026256007,73.06138418910902,-159.1816881064134
147752000,0.696945460458412,-0.3928816679962538,9.00278129861518,1.937596497755235,73.09379724270502,-159.5795148089838
147756000,0.6964008187177118,-0.3932178617263103,8.987338638973137,1.9409535616089857,73.01786892265201,-159.33120493798504
147760000,0.6970018024287695,-0.3929476255621409,9.006858770817153,1.9367120453222273,73.06207249140425,-159.59484105804077
147764000,0.6968111575856535,-0.3932134330987136,9.005083300796105,1.9370970663017935,72.97740746839278,-159.4925730088079
147768000,0.6968523159234341,-0.39297406791179046,9.000992844338464,1.9379846908303393,73.06710843639021,-159.53340490034844
147772000,0.6965279608235706,-0.3932122550721847,8.992725812471226,1.9397811236109606,73.00701920928657,-159.38162719785694
147776000,0.696739105819574,-0.3929593229846226,8.995701963830518,1.9391340183569719,73.084554466366,-159.49047213516053
147780000,0.6968743407770975,-0.3931219100348328,9.005586572767196,1.9369879132436174,73.00680009148131,-159.5268058903488
147784000,0.6968900844244376,-0.39291580289203965,9.001206937804085,1.9379382125279108,73.08609783942514,-159.55424244565685
147788000,0.6966026104256214,-0.39310773922095216,8.993406664931712,1.939633047453377,73.04034115150323,-159.4216430500453
147792000,0.6967248759163043,-0.3933345575661172,9.004302459639378,1.937266444911754,72.93880435159865,-159.44624658367474
147796000,0.6969812334752374,-0.3933757365861498,9.016502230638068,1.9346234865414988,72.89617726387517,-159.5425088988614
147800000,0.6966948264828976,-0.39307355108017816,8.996579080748596,1.9389433893343426,73.04427342336979,-159.46134031860547
147804000,0.6967087078192149,-0.39345763554497365,9.006626794071131,1.9367623420974671,72.89223178680854,-159.42721796595623
147808000,0.6964567815392034,-0.39359576997358775,8.99905253771152,1.9384060209149243,72.86407794667397,-159.31431974245115
147812000,0.6969338254714462,-0.39335940179903706,9.014028952509497,1.9351587121440483,72.90748774965179,-159.52560833630892
147816000,0.6965997613749842,-0.39354354375499623,9.003993531839859,1.9373334651667393,72.86980876820272,-159.37568204387793
147820000,0.6965352187922611,-0.3934191939647972,8.998124470274698,1.938607612216475,72.92516387400775,-159.36320088556437
147824000,0.6962580230327738,-0.3937410049042178,8.993978598540142,1.9395086772090073,72.8276691074593,-159.22162075619886
147828000,0.6969013702930918,-0.39344119188797455,9.01462780512053,1.9350290911674746,72.87877725472639,-159.50442477284025
147832000,0.6964509862416681,-0.39372960685555924,9.002093494407395,1.9377457706670227,72.81229343863566,-159.2982807419724
147836000,0.6963664556518078,-0.3937375298429095,8.998609011939902,1.9385023566545252,72.81788928459017,-159.26439369946507
147840000,0.6962232548787818,-0.39413349624185107,9.002126442263805,1.937738619526259,72.67784340296703,-159.16770492924886
147844000,0.6967808221944759,-0.39356447386145715,9.012404363666308,1.935510440412718,72.84292900000013,-159.44444236470255
147848000,0.6963672905497666,-0.3938857647760621,9.002294180471502,1.9377022137448008,72.75982879576844,-159.2494732749635
147852000,0.6966932026451653,-0.3936772174120061,9.011360347834533,1.9357365406859672,72.8078267048702,-159.39848336807648
147856000,0.6961966260303029,-0.3941599969415538,9.001620394869526,1.9378484600171149,72.67023324908496,-159.15458123615787
147860000,0.6940393647438886,-0.39497931751772153,8.928552574832414,1.9538405899971325,72.5702806877889,-158.231877684178
147864000,0.6973323908028715,-0.39319525711499553,9.027408499456358,1.932266875226615,72.93057687514288,-159.69901738059883
147868000,0.6966033747648073,-0.39377611711843064,9.009880163896572,1.9360571918798632,72.77838934736154,-159.35311536764857
147872000,0.6970803332013162,-0.39626605085299077,9.092866594607214,1.9182430294994974,71.75858698248831,-159.27917434643322
147876000,0.6952124519388292,-0.3938793639699409,8.952117276881076,1.9486541758501872,72.88016783129473,-158.79901478191653
147880000,0.6965632838027721,-0.3942845589459653,9.020684927196129,1.9337190132964008,72.58377726791352,-159.28491172635253
147884000,0.6967546696043334,-0.39409199458185534,9.024288066428342,1.9329405450718191,72.63920134160068,-159.3796264152723
147888000,0.6964380313928201,-0.3943335271395177,9.016425517745333,1.9346400829988222,72.57760559680159,-159.2309464360227
147892000,0.6963740948128084,-0.39423638940016553,9.011236369696517,1.9357633938893755,72.62212882391545,-159.21601056503562
147896000,0.6967439541954353,-0.39432766195557056,9.029653078219196,1.931782584927563,72.54822678148987,-159.35100523828882
147900000,0.6966108081672865,-0.3942692030249726,9.022381952767416,1.9333522877918685,72.58485657920197,-159.30506098273304
147904000,0.6965345022967427,-0.39447981875632315,9.024258895614375,1.9329468449800313,72.51053426493789,-159.25346940043354
147908000,0.6962082575761506,-0.39467221247641837,9.014771982427616,1.934997886755164,72.46922435385888,-159.1063646113567
147912000,0.6968023049074391,-0.394690320450742,9.041207468788947,1.9292934617175455,72.40061461538426,-159.33609848572726
147916000,0.6963988065525287,-0.3946954098464596,9.023666545047629,1.9330747815686795,72.44049730080177,-159.1782354844587
147920000,0.6965685563128176,-0.39449357560074244,9.026088634653192,1.9325517631036542,72.50163970547497,-159.2653328116769
147924000,0.6962742965602137,-0.39503303469419637,9.026592817027225,1.93244292726938,72.32187370256007,-159.09480307708694
147928000,0.6966022970343775,-0.39457435002934627,9.029566231269529,1.9318013184915332,72.46662828940374,-159.2701255983218
147932000,0.6962321869729691,-0.3948560781085082,9.020366876226037,1.9337877593332768,72.39512305164237,-159.0967054283636
147936000,0.6965075111054758,-0.39477817671946197,9.030472345164409,1.93160588061411,72.39697905818785,-159.2120332353747
147940000,0.6961245676739155,-0.3953615417203042,9.028199487890863,1.9320961837481145,72.20960272718023,-159.00257739623908
147944000,0.6969008097439083,-0.3948820444459493,9.05030067729216,1.9273390670500037,72.3155893902149,-159.354533297202
147948000,0.6962298220003776,-0.3952775991913824,9.030718144332942,1.9315528715338781,72.23133775562181,-159.0521823180853
147952000,0.69657738777666,-0.39488245384325277,9.036120354464602,1.9303885674431416,72.34909344674705,-159.22844342987472
147956000,0.6962542880767829,-0.3953842051697127,9.034437947220106,1.9307510148604903,72.18735930221527,-159.05064678478442
147960000,0.6965387224141223,-0.39494144079305155,9.035891543205887,1.9304378530982123,72.33012848142529,-159.20725563142355
147964000,0.6963874254979322,-0.3954792132319722,9.04263517748046,1.9289863423007183,72.13661445938797,-159.09252860304872
147968000,0.6965179848268656,-0.3951077122774989,9.039114909548543,1.929743776941503,72.26753844246129,-159.18191189102976
147972000,0.6963556507066635,-0.39565498916245945,9.045620861097214,1.9283443986809723,72.07163243583788,-159.0619108204991
147976000,0.6964966128109932,-0.39520643210578277,9.040633204648389,1.9294170213819655,72.23133989189623,-159.16333645430646
147980000,0.69677465355359,-0.3957403700515144,9.066173442147544,1.9239370591203135,71.99475529277471,-159.21574554928898
147984000,0.6966771353017278,-0.3954022803926601,9.053436027499902,1.9266661106690726,72.1363579723747,-159.21316880997495
147988000,0.6963933195799714,-0.39565657915052954,9.047313337710603,1.9279806944303806,72.06709662528971,-159.07637411266003
147992000,0.6963578365740158,-0.39566641099188676,9.046001476624102,1.9282625944139478,72.06696965996211,-159.06157182214193
147996000,0.696637144116599,-0.3958635815293884,9.063200295398468,1.9245733751782448,71.96129201486227,-159.14945725429106
148000000,0.6964325268349167,-0.3955133886871942,9.045464696980286,1.9283779644650525,72.11864416157917,-159.10650199326858
